90.935806
91.356224
91.265884
90.984993
91.343971
91.296989
91.265091
91.242172
91.223679
91.289375
91.189377
91.261154
91.260323
91.013084
90.955040
91.236221
91.243904
91.294685
91.301315
91.305405
91.296898
91.261597
91.214241
91.181564
91.267395
91.348610
90.928413
91.136993
91.209564
90.949341
91.177727
91.251648
91.211235
90.808098
90.855293
91.238304
91.267838
91.206528
91.238083
91.331871
91.295326
91.221825
91.003357
91.069023
91.228287
91.018013
91.289474
91.248672
91.253151
91.223488
91.300514
91.315521
91.217407
91.247650
91.079811
90.974304
90.993820
91.211487
91.207268
91.025314
90.702019
91.195488
91.241570
91.326782
91.270241
90.962975
91.026497
91.265312
91.291359
90.913246
91.204163
91.211678
91.205055
91.215424
91.161697
90.979805
90.941116
91.301117
90.997665
90.976067
91.229820
91.317215
90.955971
91.304512
91.204605
91.276932
91.391869
91.187134
91.290115
91.179901
91.110687
91.205536
91.254333
90.939743
91.222237
91.299713
91.071678
91.109566
91.211327
91.306396
91.243324
91.197121
90.978943
90.754433
91.278946
91.258881
91.202530
90.991425
91.316383
91.251076
91.292480
91.107040
91.294655
91.019165
91.095459
91.307777
91.243172
90.879425
91.290848
91.317474
90.995872
91.333374
91.221024
91.259232
90.928993
91.183487
91.234978
91.265602
91.207710
91.338654
90.679680
90.812767
91.235107
91.236191
91.205597
91.177635
91.276451
91.278625
90.972961
91.306084
91.326302
90.983360
90.828766
91.109314
91.264832
91.270622
91.338562
90.988480
91.234848
91.290527
91.019997
91.289917
90.902176
91.156227
91.012894
91.235779
91.016670
91.245697
91.281311
91.210175
90.862526
91.278435
91.192734
91.301666
91.233536
91.064514
91.247490
91.206429
91.217438
91.036255
90.987938
91.259552
90.865631
90.872322
90.929604
90.803871
90.972771
91.002144
91.280609
91.182434
90.962112
91.303230
91.043938
91.279076
91.261757
91.310783
91.214691
91.251869
91.325630
91.006531
91.014557
91.041084
91.008995
91.035843
91.325760
90.851196
91.320541
91.241791
90.949181
91.227905
91.097443
90.966049
91.312836
91.133217
90.979202
91.331619
91.017731
91.246048
91.221024
91.253059
91.365761
91.238403
91.257507
91.186813
91.108383
91.265442
90.990974
90.998848
91.262627
91.223999
91.157181
91.077950
91.213951
91.245628
90.864189
91.222206
91.252480
91.065887
90.983170
91.219170
91.228577
91.239197
91.238403
90.991966
91.210625
91.300865
91.207108
91.195999
91.269089
91.259041
91.194946
91.275391
90.970909
90.805153
90.926689
91.251007
91.281693
90.966660
91.280098
90.948639
91.301025
91.276543
91.306465
90.947838
90.972771
91.173820
91.042305
91.285278
90.762115
91.204414
90.878143
91.218399
90.982620
91.207741
91.196510
90.980476
91.186752
91.061569
91.254753
90.913597
91.176605
91.310883
91.308929
91.021439
90.854462
91.183266
91.320190
91.356514
91.166145
91.316803
91.303200
91.001923
91.233856
91.064606
91.244446
91.282593
91.233154
91.189117
90.797058
91.145660
91.262848
91.195488
91.263329
91.251328
90.857407
91.282211
91.195137
91.269218
91.254623
91.287392
91.302750
91.244926
91.245377
91.295486
91.279106
91.068802
91.078979
91.289345
91.196159
90.952164
90.800735
91.329826
91.205246
91.275040
91.219101
91.241570
91.269981
90.998817
91.314911
90.961250
91.245857
91.229507
91.006401
91.213280
91.018593
91.254051
90.674500
90.967361
90.960930
91.249023
91.276772
91.317856
91.265251
91.244865
90.959038
91.271072
91.245155
91.070847
91.047874
90.953728
91.283485
91.191261
91.033859
90.992386
91.237282
91.183586
91.025635
91.254494
91.082207
90.966301
91.301186
91.300323
91.304222
91.217468
91.320351
90.730049
91.244835
90.834976
91.266815
91.273247
91.322884
91.192322
90.929886
90.978691
90.995102
91.257668
91.256195
91.305374
90.968544
91.005180
90.879166
91.320740
91.229469
91.211266
91.255424
91.214722
91.204544
90.975937
91.304192
91.285728
91.087906
90.973412
91.002403
91.024284
91.320290
91.214142
91.213631
91.243233
91.238014
91.001854
91.219711
91.264580
91.001312
91.223808
91.109726
90.972061
91.293472
90.990334
91.224579
91.012093
91.277283
90.979774
91.307777
91.238495
91.204765
91.191330
91.220192
91.015297
91.184898
91.172958
91.022850
91.042366
91.024673
90.998077
91.260925
91.270180
91.227486
91.173508
91.267746
91.273407
91.310684
91.222275
91.248573
90.985214
91.243393
91.260414
90.929855
91.192833
91.260643
91.223907
90.915840
91.313828
91.296707
90.998589
91.058495
91.262115
91.305023
91.280418
91.208160
90.990623
90.964035
91.158974
91.240288
91.278465
90.993538
91.270081
91.003036
91.290688
91.273758
90.765854
91.022881
91.150658
91.224739
91.031876
91.161758
91.235519
91.330109
91.207069
91.278397
91.025284
91.285980
91.309341
91.263298
91.278397
91.201950
91.254372
91.353981
91.347969
91.301666
90.794014
91.291519
91.310051
91.286339
91.264481
90.992607
91.300484
91.240097
91.266403
90.840317
90.919136
91.224419
91.259392
91.008446
91.187073
91.237633
91.296509
91.032188
90.939812
91.211617
91.254402
91.268257
90.789406
90.794945
91.051521
91.255325
91.253532
90.967331
91.216797
90.953217
90.985886
91.244446
91.289215
91.253120
91.357246
91.145279
91.216957
91.218269
91.215363
91.226624
91.273628
91.224991
90.987747
90.628548
91.240768
91.001312
91.334396
90.933502
91.234238
90.983360
90.880417
91.315521
91.218620
91.298882
91.236320
90.994942
91.229408
91.258110
91.290176
91.266754
91.295456
91.309921
91.274239
91.287262
91.075615
90.837852
91.365280
91.275902
91.038849
91.234818
91.016541
90.898819
90.818176
90.985023
90.863266
91.210083
91.285858
90.991394
91.053406
91.021347
90.975487
91.020897
91.306236
90.990143
91.237251
91.244354
91.221474
91.323616
90.839104
91.265121
91.004707
91.309891
90.929443
90.818626
91.297729
91.237213
91.219009
91.247871
91.244957
90.890945
91.252228
91.003105
91.232094
91.191299
91.348030
91.221664
91.336609
90.982689
91.264671
91.034813
91.237091
91.292931
91.299934
91.221695
91.269218
91.151390
91.216637
91.181534
91.271172
91.262688
90.950912
91.274147
91.220642
90.986755
91.186752
91.350784
91.241791
91.263229
91.332642
91.208611
90.927490
91.374748
91.028419
91.234077
91.200096
91.245377
91.278717
91.249924
90.997856
91.008835
91.321602
91.001602
90.977631
91.255554
91.173698
90.903809
91.281921
91.022018
90.831360
91.004707
91.262398
91.282654
91.237213
91.005821
91.054207
90.981888
91.251968
90.986397
91.236099
91.269440
91.209602
91.271484
91.290558
90.859329
91.291328
91.269730
90.979584
91.005821
90.959839
90.867424
91.194305
91.277214
90.868896
90.972382
91.289886
91.006813
91.018082
91.287872
90.994560
91.336540
90.979042
91.303360
91.203613
91.296318
91.274979
91.204514
91.274368
91.198051
91.272545
91.326111
91.292892
91.230179
90.953667
91.229729
91.152100
91.234116
90.782372
91.254944
90.943008
91.272545
91.014496
91.261665
90.965508
91.062210
91.216286
91.325249
91.169662
91.220352
91.165024
91.010910
91.287872
91.256607
90.873856
91.096962
90.947266
91.041473
91.249565
91.015327
91.225632
91.243103
91.213089
90.993187
90.981117
91.274628
91.287491
91.221245
91.323997
90.979553
91.308578
90.985695
91.196510
91.211517
90.993309
91.211105
91.239967
91.263580
91.281982
91.283684
91.041504
90.907906
91.028000
91.003036
90.883804
91.021149
91.218719
91.340675
91.294403
91.208542
91.301476
91.268929
91.179260
91.285980
90.978493
90.990494
91.249443
91.304672
91.055649
91.287613
91.364319
91.210785
91.254211
91.278595
90.983009
91.019073
91.213181
91.270973
90.939133
91.238083
91.257187
91.318176
91.179230
91.048386
91.335358
91.295555
91.119804
91.170364
91.318748
90.988380
91.309380
91.207268
91.277023
91.238243
91.242020
91.185982
91.263268
91.238754
91.211617
90.991104
90.723267
91.065987
91.198753
91.261856
91.214020
91.123329
91.023201
91.008125
91.294846
91.264511
91.319618
91.226433
91.234528
91.235298
91.052673
90.995522
91.255936
91.301727
91.287041
91.018433
91.228607
91.274910
91.264420
91.216835
91.213699
91.108894
91.196770
91.230019
91.213760
91.014275
91.238304
91.214531
91.041023
91.097473
90.810013
91.109444
91.310371
90.968224
91.189156
91.031715
91.279427
90.946625
91.255234
91.233315
91.364578
91.245216
91.237343
91.044289
91.339165
91.272324
91.028290
91.207329
90.994370
91.375488
91.261436
91.254303
91.208061
91.370110
91.213539
91.290977
91.044640
91.014175
90.934845
90.948929
91.252510
91.369148
91.289284
91.279938
90.993279
91.184349
91.230301
91.267677
91.218307
91.289124
91.330269
91.327713
91.240929
91.213341
91.238945
91.271393
91.266815
91.021629
91.169662
90.979134
91.317505
91.316162
91.308067
91.278656
91.208931
91.076126
91.234718
91.073410
91.264832
91.273788
90.851326
91.265953
91.249443
91.004707
91.239296
90.997566
91.009857
91.096062
91.028030
91.265472
90.966881
91.265694
91.232033
91.001572
91.165825
91.295586
91.250755
91.004028
91.096321
91.050781
91.233376
91.263428
90.978752
90.993698
90.795166
91.277695
91.233246
91.196930
90.994499
91.198051
91.263741
91.195679
91.007874
91.314751
91.302719
90.968002
91.325790
91.212479
91.045280
90.856674
91.222366
91.288223
91.256577
90.943169
91.321922
91.279747
91.243774
91.257248
91.288094
91.273026
91.209633
91.025986
90.967232
91.229698
91.274338
91.329887
91.226334
91.254562
91.222237
90.939522
91.291069
90.982399
90.970528
91.259232
91.243011
91.199936
91.261795
91.223999
91.232254
91.269699
91.017021
91.166115
91.250916
91.250847
91.290306
91.271843
91.233215
91.275101
91.260704
91.258049
91.203491
91.293373
90.965057
91.278206
91.255745
91.256546
91.243584
91.080765
91.274338
91.149986
91.284866
90.958847
91.008545
91.149666
91.315361
91.280830
91.151009
91.255455
90.963966
91.255394
91.245628
91.236862
91.259392
90.996925
91.004448
91.261276
91.001343
91.230560
91.234528
91.213951
91.004707
91.252670
90.961983
90.969406
91.216606
91.277855
91.245087
91.320351
91.336189
90.956543
91.178337
91.240990
91.293663
91.266144
91.207901
91.269470
91.009857
91.282272
91.214622
91.221954
91.023491
91.233955
91.244003
91.218910
91.218208
91.228546
91.275459
91.245087
91.276932
90.790817
91.246658
91.253471
90.871140
90.995972
91.218208
91.289154
90.966660
91.326561
91.006721
91.226143
91.317154
91.096611
90.980545
91.285027
91.332092
91.301537
91.007103
90.956642
91.147453
91.259552
90.948738
91.009117
91.206238
91.211426
91.237213
91.015228
91.304482
90.951233
91.288033
91.235168
91.222916
91.293762
90.756607
91.288322
91.251587
91.358208
91.208160
91.227074
91.150528
91.194916
91.155136
91.070236
91.245247
91.282303
91.282532
91.281120
91.256516
91.141762
91.009087
91.247459
91.156860
91.247101
91.179550
91.258179
91.220352
91.193565
91.228546
91.265572
90.988739
91.281761
91.199074
91.220924
91.056221
91.222466
90.970016
90.956833
91.251488
90.996803
91.224541
90.987427
91.222786
91.266045
91.276932
91.082748
91.237953
90.987747
91.222656
90.996735
90.942238
91.245346
91.014336
91.248291
90.985954
91.165215
91.252670
91.267105
91.285789
91.007324
90.980896
91.203232
90.996574
91.042847
91.275421
91.312836
91.253731
91.076317
91.256798
91.206688
90.964256
90.770531
91.318047
90.975105
91.068642
91.201439
90.999519
91.239487
91.216736
91.042816
90.999809
90.984543
91.013374
91.307457
91.141602
91.295006
91.331581
90.838943
90.970947
91.235298
91.203392
91.287933
91.284828
91.316132
91.056770
91.026398
91.238564
91.288002
91.313728
91.215614
91.019295
91.024834
90.913757
90.963776
91.037155
91.252701
91.370270
91.253220
91.226974
91.220772
90.946144
90.929314
91.242332
91.012253
90.831200
91.187775
90.942177
90.986786
90.949280
91.229279
91.103455
90.982269
90.927971
91.022942
90.996445
91.250397
91.239716
91.067619
91.007324
91.285629
91.231262
90.977921
91.235039
90.698914
91.045662
91.226242
91.018494
91.006851
91.276733
91.177917
91.252480
91.009628
90.847778
91.296509
91.232994
91.194878
91.224960
91.165405
91.286980
91.201569
91.326851
91.240387
90.992447
91.273277
90.823647
91.332642
91.254944
91.223808
91.264702
91.253891
91.240097
91.225060
90.993469
91.212097
90.978111
91.348419
91.231842
90.973312
90.913116
91.085953
91.084450
91.238144
91.228989
91.210464
91.233635
91.269058
91.048515
91.201309
91.032257
91.254684
91.279076
91.223297
90.998718
91.264320
91.256096
91.228447
90.949982
91.020355
91.039070
91.004349
91.037376
91.009117
91.214813
91.201309
91.254524
91.233856
91.201889
91.228355
91.284897
91.098976
90.865730
90.970909
90.907295
91.254211
91.263390
90.939613
90.744736
91.294434
91.095650
91.052223
90.964577
91.173058
90.997475
91.049118
91.010780
90.966461
91.204285
91.256767
91.318848
91.236671
91.362305
90.817375
91.013313
91.268257
91.276222
91.254013
91.252228
90.964226
91.238274
90.987228
91.279137
91.247391
91.375389
91.304993
91.029663
91.211868
91.267586
91.273727
91.298851
91.228096
91.103104
90.949951
91.275299
91.202179
91.212738
90.906464
91.324867
91.206528
91.276543
91.123810
91.121887
91.296608
91.313118
91.278114
91.317566
90.925858
91.252541
91.341507
90.912575
90.838333
91.254913
91.143234
90.958466
91.019043
91.143356
91.146179
91.316322
91.257347
90.984673
91.018211
91.205215
91.005089
91.095970
91.331581
91.287552
91.256317
90.967682
90.984573
90.992767
91.337059
91.194046
91.268639
90.960899
91.248894
91.231873
91.293213
90.938301
91.267426
91.228226
91.028259
91.316895
90.972351
91.228447
91.237282
91.220642
91.242401
91.046371
91.272324
91.214851
91.353439
91.234558
91.315811
90.856735
91.009315
91.261154
90.980927
91.222176
91.329536
90.932320
90.736992
90.959358
90.927101
91.199005
91.211456
91.297440
91.241821
91.055008
91.270241
91.271584
91.292061
91.006721
91.282402
91.267426
91.217987
91.060738
90.956322
91.202049
91.227455
91.303459
91.216797
91.232445
90.894463
90.950012
91.264580
91.015678
91.275970
91.233154
90.835709
91.239037
90.908737
91.346077
91.177986
91.013405
91.297859
91.222946
91.239197
90.900963
91.136963
91.021790
91.246269
91.237122
91.241982
91.293503
91.057762
91.267677
90.982590
91.165443
91.273987
91.027840
91.277634
91.283485
90.939964
91.315071
91.247871
91.027458
90.953217
91.282494
90.884766
91.334084
91.021507
91.263649
91.264732
91.214752
91.248322
91.337151
91.224510
91.020576
91.321793
90.990723
91.189728
91.245056
90.891647
91.240578
91.265533
91.217087
91.228065
90.992065
90.953697
91.232605
90.898308
91.256897
91.129631
91.259422
91.031136
91.052864
91.058525
91.019646
91.303261
91.247169
91.003105
91.304573
91.232574
90.942116
91.287361
91.359009
91.106979
90.996704
91.206429
91.255806
90.952736
91.324928
90.781631
90.992355
91.019203
91.253952
91.248001
90.817955
91.210045
90.971420
90.984161
90.980957
91.278435
91.345795
91.355553
91.098274
90.714622
91.037537
91.210434
91.252701
91.293663
91.020477
91.280670
90.953186
90.995773
91.047165
90.763519
91.254913
90.981506
91.252769
91.268547
91.224289
91.316322
91.196190
91.025635
91.354813
91.341026
90.989151
91.233536
91.000862
91.022621
90.969795
91.035294
90.926720
91.225983
91.054337
91.350365
91.235008
90.824669
91.227234
90.789566
91.173248
91.241280
91.021408
91.182755
91.252068
91.282082
91.317886
91.001854
91.309311
91.172897
91.265213
91.333244
91.025154
91.266945
91.305023
91.233315
91.172989
90.941406
91.227234
91.276482
91.274147
91.268768
91.300514
91.012482
91.325089
91.283585
91.260574
91.165726
91.247841
91.222878
91.314369
91.214401
90.985794
91.263107
91.069984
90.957405
91.247650
91.155197
91.216164
91.039230
90.917564
91.150108
91.279617
91.003456
91.057602
91.228096
90.940353
91.273315
90.852318
91.227875
91.281891
91.220863
90.887199
91.296188
91.223907
91.054436
91.277023
91.322845
91.267487
91.217506
91.204674
91.252991
91.203964
91.135872
91.203552
91.227486
91.057983
91.082527
91.179520
90.967613
90.922211
91.229980
91.372963
91.232643
91.244705
91.276001
91.228577
91.217087
91.285789
90.893089
91.017059
91.178368
91.271484
91.275551
91.311615
91.262787
91.212929
91.256416
90.942688
91.280449
91.279037
90.986786
91.007523
91.271332
91.251137
91.298813
90.984924
91.021248
91.302940
91.312988
90.762527
91.304192
90.987709
91.352066
90.961983
90.921661
91.307518
91.224419
91.260765
91.176865
90.982079
91.269791
91.232994
91.251297
91.013374
90.903809
91.322144
91.271774
91.307198
91.269920
91.289795
91.004189
91.240738
91.262428
90.972130
91.341118
90.935165
91.249184
91.016098
91.259293
91.289566
91.305855
91.267075
91.216766
91.262177
91.217346
91.215294
91.255165
91.253731
91.222946
91.254013
91.322723
91.287682
91.227394
90.995102
91.300896
90.801476
91.227005
91.301315
91.253410
91.260643
91.044289
91.329407
91.211746
91.290909
91.005089
91.253120
91.263779
91.262589
91.274269
91.204323
91.163971
91.281281
91.159775
91.288162
91.270653
91.191261
91.215042
90.980797
91.297119
91.208000
91.228897
91.237663
91.313789
91.270721
91.259491
91.226212
91.009155
91.223969
90.998909
91.248863
91.313988
91.023743
90.958977
91.251358
91.209602
91.268127
91.233505
91.321091
91.253090
90.973053
91.238403
91.142052
91.225220
91.262337
91.222305
91.299614
91.209602
91.038017
91.011932
90.966660
91.011902
91.255905
90.948318
91.295425
91.262367
91.251678
90.763008
91.168739
91.298332
91.319740
91.254303
91.188835
91.205276
91.195389
91.260605
91.212578
90.865601
91.227646
91.025597
91.104576
91.316994
90.775459
91.259293
91.229118
91.008514
91.051262
91.284035
91.189117
91.273216
91.201859
91.039360
91.141472
90.976448
91.357216
90.731201
91.254883
91.278717
91.244736
91.208290
91.279327
91.278465
91.072639
91.212669
91.215324
91.219261
90.973213
91.089470
91.281219
91.275330
91.305565
91.292931
91.265732
91.014816
90.702721
91.004509
90.984924
91.306435
91.058403
91.266846
91.273277
91.224190
91.238945
91.030594
90.998306
91.043617
91.279587
91.199104
91.214653
90.810944
91.251328
90.995102
90.821922
91.289406
91.325150
91.251808
91.305443
91.010498
90.952927
91.136993
91.294144
91.250847
90.834846
91.228928
91.024834
90.982658
91.232162
91.334976
91.064384
90.981987
91.221886
91.191971
91.280861
91.047043
91.227043
90.914467
90.987839
91.285088
91.290787
90.990242
90.923523
91.229309
91.235138
90.991455
91.272736
91.025345
91.356834
90.968002
91.171455
91.222366
91.298973
90.967682
91.006142
90.957985
91.281219
91.208481
90.833473
91.242241
91.236160
91.202972
91.307297
91.256897
91.208321
90.932701
91.303841
91.250015
90.885376
91.271584
91.231903
91.240639
91.233757
91.251167
91.058243
91.220802
91.248383
91.312256
91.008003
91.086754
91.200737
91.315773
91.230301
91.095009
91.035172
91.258499
91.283295
91.307457
91.189888
90.885727
91.030945
91.068192
90.961311
91.258560
91.258820
91.258400
91.008385
91.013565
91.294014
91.212830
91.197693
91.023293
91.264992
91.292580
90.956322
91.263939
91.274109
91.234718
90.813026
90.955521
91.295135
91.187614
91.320992
91.206848
91.021980
91.240417
91.274078
91.009949
91.277634
91.090691
91.122749
91.153023
90.962784
91.305313
91.041504
91.178047
91.240509
91.103806
90.929474
90.746719
91.216606
91.330559
91.288193
91.258430
91.216385
91.290657
91.264160
91.062851
91.216957
91.222397
91.084419
91.004158
90.875549
91.136093
91.236061
91.257980
91.320702
91.251617
91.258110
91.207680
91.252991
90.827202
91.240097
91.052193
91.025406
91.037506
91.021507
91.014206
91.135971
91.243294
91.071457
91.302940
91.332542
91.249245
90.959267
91.199516
91.058464
90.825859
91.266113
90.987038
91.243584
91.293793
91.245758
91.209312
91.245506
91.222946
91.290749
91.309059
91.020096
91.303490
91.238083
91.217506
90.896606
91.287041
91.273216
90.965698
90.976067
90.984993
90.995682
91.020477
91.175133
91.136864
91.098274
91.206657
91.265442
91.248413
91.221245
91.244095
91.221985
91.273155
91.307426
90.855873
91.230080
91.317825
91.052002
91.244003
91.222176
91.064514
91.404449
91.034973
91.260483
90.969826
91.310753
91.212029
91.279358
91.256035
90.857185
91.218849
91.302818
91.120514
90.864799
91.214241
91.242722
91.160675
91.236481
91.199776
91.170815
90.959427
91.211906
90.999489
91.274338
91.264191
91.282593
91.287201
91.319069
91.189438
91.243134
91.213280
91.261795
91.004227
91.271362
91.250145
90.997345
91.337502
91.012863
91.029053
91.232643
91.299522
91.254684
91.264992
91.251076
91.185699
91.313950
91.227043
91.009277
91.248672
90.878944
91.035362
91.308609
91.269310
91.347488
91.007805
91.185822
91.235870
90.949471
91.240479
91.007042
91.056061
91.204674
91.223808
91.232643
91.011902
91.202560
91.246941
90.927681
91.256737
91.318687
91.294273
91.275360
91.029823
91.040863
91.289314
91.227425
91.293312
91.034752
91.255714
91.308640
90.983040
91.054077
90.949982
90.991676
91.050690
91.229248
91.252899
91.147713
91.281570
91.221184
91.239967
91.256897
91.268028
90.961891
91.051331
91.242722
91.369728
90.997345
91.011810
90.925186
91.259682
90.995842
91.202431
91.230141
90.968224
90.796669
91.265633
90.897827
91.316803
91.316093
91.272095
91.271362
90.978142
91.218941
91.248322
91.264191
91.315933
91.271805
91.185951
91.242432
91.252670
91.222466
90.958176
91.008575
91.309059
90.993889
91.299843
90.887680
91.272636
91.254372
91.175331
90.763199
91.199905
91.307549
91.238846
91.274689
90.988319
91.135071
91.263779
91.301697
91.212830
91.018532
91.268738
90.958366
91.000542
91.021118
90.917343
90.979202
91.240158
91.208130
91.029922
91.301727
91.236862
91.261536
91.265884
91.228638
91.004318
91.289986
91.252960
91.328606
91.269890
91.222076
91.257599
91.234238
90.998848
91.289665
91.288254
91.265953
91.322044
91.187683
91.319649
91.074783
91.300064
91.128159
91.314781
90.912704
90.924065
91.170433
91.203712
91.205345
90.853188
91.246338
91.247971
90.797699
90.906113
91.320961
91.265823
91.022209
91.264961
91.243393
91.230690
91.218781
91.252831
91.285507
91.063614
90.979904
91.151070
91.338272
91.268547
91.314178
91.039200
91.001762
90.980515
91.268768
91.261124
91.266685
91.271233
91.154335
91.278915
91.258400
91.251648
91.321411
91.051971
91.273697
91.094589
91.197693
90.974976
90.972572
91.006531
91.208420
91.220993
91.262817
91.301697
91.260254
91.010368
90.930336
91.025566
91.029633
90.997505
91.235458
90.932739
91.194016
91.197311
91.017059
90.992447
91.205154
91.245056
90.951744
91.258690
91.100639
90.959167
91.292992
90.846558
91.301666
91.302788
90.953758
91.247681
91.168381
91.004898
91.355423
91.278717
91.222145
91.215744
90.842018
91.038780
90.881821
91.278526
91.266945
91.321823
91.270462
90.915108
91.232605
91.252510
91.217468
91.242210
91.226372
90.789436
91.224129
91.212608
91.068253
90.745186
91.266876
91.038559
91.304993
91.329277
90.853088
91.240318
90.805504
90.740349
91.044830
91.203453
90.949890
91.035263
91.030846
91.283714
91.256897
91.254723
91.219231
91.258659
91.323997
91.301117
91.135742
91.195747
91.035843
91.315453
91.232605
90.976067
91.241600
90.975807
91.289314
91.218910
91.222626
91.194435
91.289665
91.313248
90.978783
91.220512
91.256516
91.247581
91.331421
91.190590
91.237663
91.285217
91.190018
91.302338
91.260414
91.328384
91.275009
91.025826
90.861374
90.748062
91.174660
91.201027
90.974014
91.009918
91.029572
91.265411
91.310173
90.998047
91.255043
91.255234
91.002525
90.857407
91.260994
91.254173
91.287971
91.232803
91.219841
91.233315
90.981987
91.198654
91.282974
91.206497
91.245827
91.159966
91.096802
91.324547
91.302528
91.017632
91.252129
91.239906
91.400291
90.969795
90.962685
91.152481
91.260063
91.332222
91.236961
91.229469
90.903778
91.274307
91.193604
91.007172
90.929054
91.248413
91.270813
91.323616
91.230461
91.284035
91.265411
90.955261
91.011581
91.319519
91.021759
90.999069
91.014145
90.897186
91.033760
90.850204
90.970848
91.249054
91.259872
91.052002
91.033699
91.174561
91.227203
90.982307
90.891678
91.245918
90.958046
91.104225
91.280960
90.985954
91.274429
91.171043
91.257950
91.014557
91.264610
90.983101
90.956543
91.179489
91.195778
91.258781
91.228737
91.232735
90.959328
91.218658
91.319901
91.246468
91.259583
91.305603
91.238083
91.174751
90.954109
91.091774
91.222786
91.018883
91.046371
91.028160
91.335808
91.272575
91.247459
91.279617
91.239998
90.989891
91.316483
90.818367
91.013283
91.229309
91.218941
91.250206
91.224930
91.087997
90.969986
91.248131
90.787361
91.244095
91.263779
91.029823
90.991074
91.020706
90.986916
91.195709
91.225662
91.257950
90.847809
91.302528
91.075905
91.249695
91.018433
91.261955
91.087425
91.248894
91.254433
91.266113
91.007874
91.346687
91.316132
90.838593
91.188545
91.300545
91.227165
91.295746
90.957726
91.040863
91.222557
90.978691
91.260254
90.944450
91.344444
91.229980
91.052223
90.972420
91.225311
90.894943
91.064575
90.984192
91.020737
91.202240
91.133789
91.304291
91.250977
91.220131
91.246941
91.237152
91.068062
91.271873
91.258659
91.190208
91.231491
90.852127
91.166977
91.018333
90.937820
91.277245
91.215134
91.250755
91.252831
91.230461
91.105507
91.224579
91.043968
91.259392
91.043648
90.909538
91.194016
90.948738
91.225281
91.156067
90.881538
91.294113
91.264801
91.282814
91.295135
91.291359
91.238754
91.234978
91.249374
91.020607
91.017220
91.252739
91.232605
91.232193
91.225311
91.244255
91.224579
91.128288
91.238815
91.234047
91.162239
91.196609
91.180672
90.977089
91.293762
90.925407
91.235649
91.026787
90.827232
91.280579
90.804253
90.856445
91.275932
91.263359
90.980125
91.114204
91.208382
91.260765
90.949249
90.838974
90.974564
91.241982
91.217026
91.205315
91.176544
90.906364
90.993538
91.222466
90.865280
91.250557
91.277763
91.002205
91.015076
91.288322
90.950142
91.172798
91.095810
90.979935
91.271454
91.213280
91.269699
91.011620
91.259682
91.315102
91.314079
91.045891
91.248734
90.959358
91.245056
91.306595
91.254562
91.187485
90.995453
91.276894
91.248703
91.361954
90.932419
91.284897
91.076065
91.200928
91.210464
91.087105
91.219101
91.027809
90.948509
91.322365
91.227966
91.273277
90.894402
90.911423
91.224190
91.273056
90.981117
91.298019
91.239967
91.251869
91.228989
90.888161
91.007553
91.287491
91.254845
91.225372
91.245888
91.024643
91.224579
91.207268
91.296257
91.359619
91.215134
90.784798
91.263229
91.253021
91.311775
91.243774
91.013153
91.252541
90.894302
91.374687
91.312958
91.350525
91.321342
91.015617
91.299805
91.245697
90.960541
90.978401
90.953667
91.328896
91.007042
91.274109
91.311584
91.200157
91.229088
91.230972
91.298019
91.296127
91.398209
91.295517
91.028061
91.283936
91.222786
90.985924
91.195778
91.212669
91.287613
91.208572
91.040543
91.360321
91.044159
91.237091
91.241600
91.173920
91.287582
91.293312
91.207970
90.812065
91.260803
91.245216
91.206627
91.330940
91.214912
91.196770
91.103523
91.238045
91.308899
91.238525
91.288094
91.275391
91.264160
90.994972
90.814110
91.172638
90.964516
90.926109
91.027039
91.279678
91.001122
91.260162
91.348129
91.278435
90.850334
91.194305
91.287041
91.217026
91.313278
91.243324
91.149086
91.195168
91.284546
91.239136
91.283203
91.322304
91.166336
90.997086
91.292992
91.315971
91.280067
90.760963
90.874718
91.020157
91.243484
91.279327
91.228668
90.822205
91.214333
90.990303
91.052254
91.222557
91.011200
91.312317
91.211456
91.013535
90.849281
91.285858
91.066338
90.779427
91.330559
91.184830
91.036064
91.354111
90.997025
91.237534
91.001663
91.276352
91.080894
91.264961
91.240387
91.256607
91.313026
91.222527
91.116348
91.246178
91.246208
91.045219
91.237694
91.272736
91.362083
91.280670
91.318748
91.278595
91.273026
90.857567
91.230782
91.326912
91.312767
91.321854
90.992798
91.222176
90.958626
91.038177
91.045662
91.347229
91.229630
91.257408
91.234589
90.801697
91.242020
91.160286
91.073410
91.263779
91.246780
91.266464
90.802177
90.891075
91.243645
91.156960
90.961250
91.324066
91.282722
90.793854
90.973602
91.020798
91.002045
91.242561
90.964516
91.266243
90.975807
91.032349
91.290787
91.356483
90.863136
91.223709
91.258400
90.908478
91.273277
91.215393
91.289886
91.303650
91.217857
90.997955
91.234589
91.008575
90.928703
91.283615
91.285759
90.983902
91.304802
91.290657
91.204575
90.886368
91.066078
91.240189
91.158211
91.221886
91.225731
90.937538
90.984833
91.062851
91.313950
91.201309
91.285378
90.969154
91.308067
91.236572
91.247139
91.306686
90.913315
91.269859
91.175362
91.204926
91.276894
90.982368
91.252129
91.191170
91.225441
91.233124
91.241501
91.206909
91.252098
91.286591
91.036194
91.252930
91.251938
91.290787
90.984642
91.280258
91.232002
91.105537
91.201118
91.340065
91.052162
90.878242
91.153793
91.331902
91.262115
91.216545
91.274178
91.271133
91.231293
91.264511
90.960129
91.255005
91.354462
90.991837
90.715645
91.003998
91.017151
91.022430
91.363937
91.190269
91.363678
90.981987
91.288994
91.181152
91.233635
90.993919
91.339363
90.988541
91.024223
90.898911
91.266113
91.262238
90.938751
90.928734
90.854401
91.227005
91.336319
91.327103
91.157700
91.271614
90.985443
91.270813
90.972130
91.279106
91.275932
90.987839
90.991905
90.817375
91.244354
91.304253
91.245628
91.325409
91.239555
91.186592
90.770653
91.285309
91.218430
90.950623
90.778175
91.051392
91.298882
91.178848
91.249825
91.238403
91.333534
91.307007
91.249794
91.262238
91.303551
91.228157
91.244637
90.911392
90.864128
91.221764
91.235008
90.998428
90.897087
91.190910
91.243103
91.057022
90.851135
91.219460
91.219139
91.268417
91.293694
91.021118
91.262428
91.028130
91.255836
90.987106
90.962212
91.224419
91.087265
91.019775
91.245026
90.938911
91.351875
91.270462
91.044449
91.101891
91.236420
91.285950
91.226242
91.185341
91.010307
91.313217
91.231071
91.252380
91.010208
91.268898
91.200478
91.022018
90.945763
91.289314
90.909149
91.191872
91.297089
90.996353
91.120323
91.329918
91.016579
91.125824
91.032768
91.196609
90.824036
90.926109
90.948990
91.254845
90.888321
91.211586
91.314018
91.258659
91.293373
91.234467
91.034752
91.274689
91.188896
91.244545
90.949249
91.272926
91.346947
91.233505
91.045631
91.299232
91.271011
91.296738
91.268127
90.997025
91.292061
91.209213
91.273315
91.012321
91.306236
91.014046
90.985695
91.172897
91.021278
91.249374
90.878944
91.321983
90.931778
91.248833
91.300926
91.249214
91.253822
91.338974
91.284637
90.977501
91.011742
90.976738
91.154144
91.059586
91.181793
90.799614
91.262115
91.304893
91.005150
91.338013
91.237251
91.270020
91.226173
91.005730
91.236961
90.766495
90.964989
91.207809
91.293854
91.258621
91.199455
90.980865
91.198624
91.305984
91.231453
91.190308
90.982468
91.101501
91.032829
91.260063
90.928963
91.304733
91.257568
91.309662
91.256477
91.247391
90.961342
91.258720
90.970947
