351.170943
351.299967
351.995423
352.125823
351.693471
350.625695
352.409247
351.380415
352.146015
350.750399
351.789119
351.364383
351.138303
351.646879
352.259967
352.313215
352.210367
352.185119
351.505887
351.227391
352.275871
352.104895
352.665375
351.853407
351.086207
352.424863
351.555871
352.369183
352.210239
352.089439
352.149439
351.255679
351.837695
351.706207
351.599711
351.354847
352.230367
350.715551
350.474751
350.974719
351.718495
350.096351
351.734527
352.720287
351.894303
350.698463
352.633279
351.949535
350.971711
351.405567
351.599295
351.807071
352.575519
351.032671
351.447039
350.583679
351.680415
352.729023
352.503167
351.876127
351.755679
351.734591
351.173055
351.764287
352.363135
351.748351
351.905279
351.082047
350.907519
352.830239
351.459103
351.682111
351.020287
352.490623
352.081599
351.735135
350.581151
352.105535
353.057151
352.303423
352.083455
351.667551
350.971967
352.904063
351.808351
351.697631
351.729439
352.204767
351.038239
352.051167
350.840639
351.782271
351.933311
352.110271
351.835135
352.400159
351.752223
352.053279
352.082975
351.136063
351.522911
351.332799
351.808671
351.308991
352.028415
351.060095
351.186079
350.731615
352.721855
350.973407
352.094079
350.837727
352.633663
350.037567
351.857439
351.510303
351.630463
352.088031
351.811711
351.915519
352.373407
351.817791
352.203007
351.670047
351.695359
352.205983
351.417215
351.735647
351.330079
351.683231
350.924895
351.971167
351.563423
351.146815
352.367935
350.833535
352.526527
351.248671
351.883999
352.125471
351.988511
352.491519
351.598303
351.897055
351.182655
351.471231
350.859295
350.716511
351.808895
350.555071
351.571359
351.899039
351.584831
351.473663
351.849279
351.402175
351.087967
351.512351
351.449759
350.698207
351.959711
351.179199
352.097919
350.545535
351.194751
350.945247
350.696927
351.495103
351.809247
351.201823
351.109887
352.187103
351.490847
352.638111
350.750655
351.938623
351.355647
352.088479
350.626335
352.303999
351.482143
351.728031
351.673087
351.951583
350.895935
351.350591
352.345791
351.943327
351.785023
351.655071
352.903903
351.303743
350.344831
351.187359
351.961599
351.769439
352.114079
351.097535
351.623615
350.362463
351.904095
351.140767
350.632895
352.308063
351.517247
352.656799
351.835487
351.874815
351.391263
350.274559
351.107167
351.519455
352.489791
351.509183
351.803615
351.296031
350.027839
350.872255
351.823391
352.181727
351.139711
351.898591
351.293599
352.436639
351.590015
350.990239
350.418783
351.866495
351.830847
351.259775
352.009055
351.399679
351.710079
352.089727
350.614335
351.510079
352.364607
351.299775
352.103359
351.658847
350.883711
350.849567
351.083583
352.184895
351.458655
351.523487
351.302943
351.185183
351.980159
351.496543
351.082527
351.327903
351.018783
351.141503
351.721983
351.778175
351.450559
351.857087
351.956287
350.888831
352.131295
351.218175
350.905567
351.904351
351.612767
352.140031
351.800159
351.924095
352.368991
351.810559
351.326143
351.908287
352.317599
352.236191
350.992831
351.591775
351.510431
351.709087
351.680287
351.420383
351.302431
351.766079
351.625599
351.334591
351.704447
351.513279
352.272351
351.754815
351.648703
351.793983
352.608607
351.363039
351.395775
351.582111
351.642911
350.346399
351.062911
351.054271
352.120191
351.519839
350.878943
351.421663
351.671167
351.077439
352.216479
351.940543
351.357471
351.999199
351.970911
351.465151
351.134591
351.169823
352.272575
351.291007
352.006559
352.670079
350.824735
351.966015
351.214719
350.990783
352.367391
351.907231
350.449919
351.104543
350.754015
351.733183
352.555775
351.814879
351.314783
351.595487
351.524863
349.659807
351.180287
351.633119
351.862687
350.780831
351.862527
351.444799
352.507135
350.440127
351.321951
351.510207
351.999999
351.178431
351.510623
351.584671
352.180351
351.890847
352.289951
352.629439
351.144799
351.801759
351.066271
351.137791
350.829855
351.738783
351.567071
352.319423
351.831359
350.767583
351.935967
351.104159
351.436415
350.112831
351.883071
351.071711
351.893983
351.676511
351.961599
350.654175
351.177503
352.087359
351.704767
350.760671
351.346335
352.019327
351.467551
351.463231
350.778911
351.929599
351.625215
352.345183
352.278687
351.242751
352.209759
351.728831
351.567167
352.123327
352.285311
351.524863
350.713279
351.008959
351.811935
352.060479
351.727839
351.340511
351.459871
351.735455
351.007679
351.808447
351.970431
351.703263
351.748287
350.675359
351.912351
352.100511
351.057663
352.031519
350.308319
351.468863
351.034623
350.374111
351.293215
351.784127
352.836927
351.913759
351.414079
351.779263
352.521855
350.454911
351.708223
351.759519
351.401791
351.817759
351.587615
350.717727
351.398047
351.609151
352.201215
349.964831
352.269599
351.545599
351.492703
351.319359
351.742463
350.486783
351.446431
351.281599
352.024127
351.453727
351.462815
350.736383
351.495647
351.840383
351.539775
352.316383
351.239711
351.842527
351.601343
351.814303
352.683327
352.000447
351.915359
351.501375
352.249311
350.468447
351.539199
350.977951
351.271775
352.085791
351.752927
352.277951
351.679103
351.915231
351.415519
351.394303
352.069375
351.519391
350.944895
351.741535
351.274015
350.910527
351.696447
352.157599
351.629343
350.552767
352.246751
352.813471
351.683583
351.644927
352.607263
351.096703
351.199103
351.603807
352.492991
352.139039
352.356767
351.834239
352.100383
352.220703
352.044095
351.163263
351.071967
350.846079
351.236639
351.613215
350.940895
352.004511
351.375679
351.283807
350.123135
351.939327
351.800319
351.821535
351.906015
350.802911
352.416063
350.504383
351.670655
351.711199
351.825663
351.249599
350.689887
352.179583
351.661759
351.099487
351.904671
351.824543
352.604447
352.276351
351.905983
351.588127
351.615583
352.178783
352.292383
351.234335
351.398303
351.539999
350.181247
351.741535
351.887327
351.623711
351.085343
352.290143
351.923199
351.650591
350.644223
352.787231
351.790943
351.782943
351.688831
351.915551
351.530143
351.332159
350.992319
351.453791
351.696991
353.243647
351.246911
351.391583
351.591935
352.153023
352.026015
352.023807
350.559071
352.605311
351.403711
351.308735
351.726303
352.293823
351.741503
351.335487
352.988799
351.132351
349.953183
351.197951
352.434111
350.998879
351.802527
351.313439
351.603007
352.662271
351.448863
351.104319
352.231391
351.581727
352.539871
351.789535
351.235871
352.020767
351.509279
351.743071
352.147327
352.449887
351.669119
351.123743
352.501567
352.342815
351.620031
351.633439
350.831231
352.136927
352.316607
352.366943
351.551135
351.643039
351.720479
351.796575
351.455871
351.825055
350.988703
351.443967
351.386399
352.575039
351.795199
352.337535
351.104319
350.069823
350.351999
352.173599
352.151871
351.292351
351.820991
351.601887
352.100767
351.418431
351.968799
351.788831
351.741183
350.893919
351.390239
352.037471
351.814943
352.191423
351.934879
352.057535
351.801343
352.083007
351.570047
351.281983
351.912479
352.251743
351.648607
351.390463
351.521055
351.601023
352.293311
352.368863
352.013439
351.476447
351.832383
351.834911
352.024479
352.599167
351.606783
350.607647
351.971615
351.584031
352.213631
351.470335
350.203775
351.980607
351.355775
351.129983
352.672447
351.568511
352.069919
351.571103
352.396575
351.514271
351.715743
350.957439
351.329407
352.121567
351.135647
350.917023
351.189663
352.211903
350.667519
352.841727
351.752255
352.403391
352.289983
352.050463
351.133951
351.915967
351.715423
351.566207
351.723551
352.037311
352.457535
350.811615
351.449887
351.951647
352.384735
351.663679
351.173567
351.043679
351.315103
350.392447
352.000671
352.000447
350.572799
352.400479
350.538815
351.936575
351.687967
352.483135
351.668863
351.520543
352.073151
351.125247
352.197567
351.498111
351.455679
351.666751
351.132127
351.662271
351.367679
351.481407
351.757791
351.628991
351.686431
351.772031
351.551327
350.875199
351.053695
350.819455
352.098399
351.530527
351.659999
350.980127
351.246847
352.202687
352.207679
351.050911
351.582783
351.612991
351.618303
351.716447
351.706079
351.608799
351.285247
352.516287
352.142655
352.327327
352.162783
351.761247
350.665887
351.565599
352.025343
353.289823
352.081535
352.153599
351.038207
351.727711
352.453151
350.435103
351.973183
352.628319
352.066143
351.549759
352.151167
352.481183
352.351807
352.114943
351.655935
351.684799
351.235647
352.037375
351.190399
350.901375
351.821311
352.106559
351.630943
351.116287
350.766303
351.249919
351.107103
351.746623
351.407871
351.408735
351.299519
351.937375
352.378911
351.774111
351.740159
350.518143
351.709727
351.837439
351.319999
351.878303
351.584639
351.389407
352.173855
352.207455
351.068831
351.278015
351.855775
352.299263
351.557535
351.586495
351.718143
351.908031
352.887999
351.662559
351.426207
352.476159
351.001535
352.338079
351.969727
351.766271
352.372479
351.764223
351.990751
352.616159
350.668223
351.600895
351.686975
352.513247
352.094527
352.580607
351.698847
352.236607
351.544831
351.128223
351.638271
352.191327
351.558079
350.411871
351.754847
352.634303
351.473759
351.777695
351.224607
351.851327
351.579039
351.235263
352.533247
351.316287
352.170111
352.287071
352.560447
351.460671
352.517535
351.627743
352.389119
351.171135
351.706239
351.691071
353.006687
351.413663
350.667807
351.426655
351.171679
351.280799
352.657567
351.765983
352.229983
351.649759
352.887295
350.963487
351.965567
350.497119
352.082751
351.699423
351.423391
351.090047
352.070943
353.234175
351.235935
351.026431
351.473919
350.989631
351.104799
353.011743
352.053887
352.589855
351.840159
350.929375
351.179871
350.708735
351.665631
351.959423
352.514207
351.675423
352.566143
350.441375
351.559071
352.250751
352.208383
351.738719
352.388671
352.307263
352.355935
352.046367
351.370783
351.516415
351.823967
351.592063
352.564767
352.502687
352.688639
352.707583
352.145439
351.515967
351.706943
352.427007
352.467871
351.575295
350.860959
351.080799
352.083839
351.480543
351.316479
351.225631
352.231647
351.947679
351.351871
352.321791
351.373151
352.181791
352.164447
351.524479
351.843647
352.222143
351.830783
350.956735
352.422431
352.416607
351.494367
352.442559
352.205407
351.542175
351.559839
352.133087
352.522111
352.207967
351.627199
351.978879
352.375839
351.633567
351.118719
352.085343
351.139679
350.506111
352.014783
351.995167
352.424863
352.539615
351.851071
351.996799
352.307935
351.061343
351.967487
352.329183
351.663615
351.721855
351.918015
351.858463
351.612511
352.954111
351.772255
351.616031
351.408703
351.617791
351.207615
351.737279
352.438239
351.265215
352.046431
352.054783
352.322719
352.368991
352.566975
352.382239
351.937375
352.383583
352.058207
351.621023
351.853247
351.624127
351.734335
351.506271
352.104351
351.614143
351.361631
352.373631
352.575167
352.174783
351.047551
351.757503
351.697567
351.785151
351.543455
351.369439
351.498751
352.653919
351.585375
351.926239
351.250815
352.268255
352.899551
351.791647
353.068991
352.980351
351.710751
350.912415
351.853887
352.216543
352.138719
352.015103
352.181407
351.256223
351.245119
352.209759
351.879231
351.616991
352.316319
352.868575
352.197023
351.947327
351.271647
351.813983
352.276191
352.022335
351.631551
351.238623
352.034111
351.681535
352.014591
351.762207
351.504063
352.384927
350.885695
351.974079
352.107455
352.896447
351.519903
351.496191
351.179551
352.913855
352.820575
352.451135
351.768607
352.100607
352.178111
351.738943
352.469503
351.834751
351.574655
351.529695
352.171967
352.122207
350.921439
351.502815
351.125407
350.923071
352.402591
352.115583
351.531103
351.710847
351.292639
350.557887
351.876735
351.474847
352.120191
352.023295
352.240479
351.956863
352.761119
351.593695
352.765087
351.740831
351.487487
351.501919
352.771263
351.177791
351.194175
351.411775
352.540319
352.300927
352.571487
351.045855
350.957023
352.174079
351.537471
351.914847
352.261183
352.264767
351.584415
351.917183
351.826111
351.480927
352.500095
352.442719
352.658303
352.216703
351.817375
350.892671
352.305567
351.346047
351.237023
351.397791
352.684319
351.368063
352.275583
351.252543
351.975007
352.182271
353.071071
352.308895
351.462399
350.480639
351.442239
351.806271
352.500127
351.965215
352.630687
351.538911
352.495775
352.213695
350.775743
351.521055
351.174015
351.053727
352.458175
351.873215
352.738399
351.680639
352.239935
351.250527
352.186719
351.947359
352.666303
352.966047
351.728895
351.740255
351.259999
351.167807
350.136607
352.660607
351.914751
351.907647
351.262559
351.793439
351.649855
352.530623
351.037951
351.073503
351.588447
352.405535
352.011647
352.312223
352.647071
351.539615
352.786239
351.058111
351.145119
351.733151
352.621791
351.791583
351.122719
351.051295
352.484799
352.679967
351.123967
351.797791
351.137503
351.468895
352.176639
353.021183
352.028607
351.091679
351.721343
352.130847
352.363359
352.743615
352.049887
352.376639
352.236799
351.723775
351.834591
351.611007
352.982175
352.522367
352.248127
351.587519
349.883711
351.021247
352.167775
351.229727
351.282911
352.045055
352.731487
350.873119
352.277311
352.260319
351.722879
350.600191
351.791231
352.078015
352.039583
351.312127
351.662143
352.011167
351.408031
351.374495
351.716255
351.199039
352.146367
352.059615
351.203711
351.292863
350.544895
352.784703
351.953151
352.121919
351.689823
351.529375
351.463007
351.936031
350.565279
353.159647
352.541983
351.619935
351.639199
353.652671
351.475231
351.827615
351.722783
352.830655
351.652095
351.419743
352.350847
350.851391
351.591519
351.835999
352.398751
351.777535
352.083679
352.733247
351.406687
351.434847
352.605055
351.285247
352.196511
353.048287
350.832671
353.038367
352.252543
352.763135
352.141055
351.875871
352.246431
351.308095
352.021951
350.358527
350.945727
352.700799
351.756127
351.943231
351.424799
351.706943
351.981631
351.643135
350.888575
352.401567
351.713119
351.421535
352.450047
352.134047
351.573695
351.694559
350.986655
352.046495
351.080703
352.239615
351.544127
351.520255
352.339199
351.841759
351.173951
351.182143
352.279647
352.012639
351.670431
352.854175
352.237151
351.150879
351.165375
352.122271
353.186943
352.776415
352.382815
351.750175
352.262079
351.667071
352.046335
352.309311
351.369311
352.869215
352.648415
351.807871
351.603903
351.497119
351.559487
351.790591
351.746431
351.582655
351.317951
351.795423
351.950367
352.210303
351.719231
351.886367
352.796223
352.297183
352.535999
351.277631
351.241375
350.975231
351.942175
351.487647
350.909343
352.308127
351.874623
351.956543
351.278079
352.635999
351.152255
351.331135
352.729823
351.862239
351.067071
351.077183
351.475455
351.814047
351.388223
350.949535
353.312031
351.113215
351.899583
352.251039
351.315295
352.486815
350.674079
352.230751
351.512223
351.722591
351.985983
351.851103
351.530751
351.599007
351.677247
352.263167
352.174879
351.951839
352.203967
351.329791
352.390079
351.955359
352.657023
351.716031
352.015871
352.159487
350.529727
351.443551
352.722303
351.866079
352.322015
351.703583
351.461087
350.800031
351.297183
351.744095
352.762847
351.757759
351.544543
351.881119
352.768447
351.094623
351.388511
351.544895
352.915135
352.084127
351.917471
352.055359
351.812895
353.125023
362.198975
351.549759
352.319935
352.896511
352.714783
351.540991
351.512703
352.045471
350.781759
352.385599
352.664351
352.395903
352.079327
351.770879
351.436895
351.922143
351.879775
352.010879
352.412799
352.818847
352.269535
351.428127
351.791807
351.992735
351.315967
351.394751
352.044383
352.846687
351.581087
351.627647
353.011391
351.271423
352.479807
351.823167
351.715199
352.030463
351.180575
352.059775
351.620991
351.782111
352.641759
352.792735
352.048415
352.197183
352.068095
351.417983
351.713951
351.382175
352.095807
351.832575
352.242367
350.854367
352.337791
352.588127
352.084223
351.388703
352.349055
352.380575
351.892479
351.982815
351.505471
352.318783
352.117375
352.827135
351.850751
351.804383
351.422047
351.845439
352.210943
352.936447
352.596863
350.884639
350.981535
351.510751
352.480031
351.778655
351.639967
351.778175
352.477823
352.043583
351.159199
353.237503
352.568255
350.738495
351.760575
352.509951
350.995551
351.817151
351.854847
352.728223
352.014623
351.999519
351.457055
351.095295
351.009023
351.358335
351.801599
351.425311
352.227391
352.343199
351.630655
352.803199
352.279423
351.935743
352.146591
352.490111
351.846335
351.548319
352.076895
351.958975
351.577663
351.453439
350.396159
351.947199
351.900159
352.927999
351.423167
350.862399
352.690207
352.324863
352.306655
352.353439
352.038335
351.790463
350.718239
351.472479
351.708991
351.582431
351.868351
353.250911
351.763359
352.138271
351.900351
351.952063
352.049279
351.330047
351.188799
351.601695
351.228063
351.841855
352.556735
352.020927
351.713279
352.138847
352.305791
351.328735
351.571039
351.750847
351.558751
352.028191
351.407487
352.432351
351.368991
351.983455
352.843647
351.859423
351.688543
352.602207
351.006719
351.246335
352.000607
351.862463
352.131327
351.313055
351.646303
351.490655
351.728383
352.953023
351.795263
351.235295
350.884159
352.309919
352.500415
352.340575
352.139519
352.589631
352.163327
351.906495
351.718335
350.698911
352.280127
351.793919
351.745471
352.210239
350.973791
352.572383
351.721887
352.519871
352.374047
352.855391
351.991327
351.611263
352.044671
352.817599
351.579903
351.495007
352.488479
352.524959
351.729919
351.368287
351.650015
352.149951
352.537631
351.976063
351.468735
351.363231
352.105535
352.434079
352.705759
350.437119
352.408575
351.754879
351.359839
352.150239
350.991039
350.984479
352.231679
352.428383
352.392767
351.182047
351.535423
351.699583
350.974015
351.356671
351.548287
351.683839
352.353151
352.087167
350.943295
352.083999
351.851167
351.478239
352.123039
351.380415
352.141951
352.062111
352.038047
353.374655
351.204063
351.562047
351.312319
352.147231
352.488351
351.774655
350.773087
351.925855
351.733535
350.937439
352.641727
351.005343
352.622847
352.399423
352.054495
351.959615
352.211039
352.185247
351.840895
352.562143
351.985855
352.379615
351.061663
351.806239
352.336351
352.099359
352.516511
352.415711
351.866815
351.762463
351.362687
350.987775
352.295935
352.118367
352.950111
351.598847
351.485023
351.685727
352.359135
352.504671
352.286111
351.197471
352.349631
352.982591
350.762111
352.307487
350.971295
353.075071
352.698399
351.858751
351.230847
351.723807
352.269343
352.482783
351.821311
351.905919
352.295391
351.299199
351.227583
352.574911
351.425599
351.770399
351.001279
352.524895
351.174879
352.130175
352.489951
351.477823
351.641023
351.663167
351.991039
351.394335
351.211839
351.885535
352.336383
351.020063
351.328479
351.058271
351.439583
353.023231
352.199135
350.943039
351.248991
352.104991
352.371199
351.963583
350.650303
350.233311
351.816511
351.453663
353.457311
351.821631
351.530687
351.758207
352.448735
352.377247
352.160671
352.037343
352.982943
351.257759
352.114527
351.775871
352.636735
351.573663
352.054591
351.981695
352.562591
352.146463
353.064959
353.355615
351.667423
350.870047
351.665087
351.035007
351.933663
351.239711
351.571231
352.134655
350.957055
352.079743
352.577759
352.249567
350.972767
351.707071
352.547519
352.482239
352.392351
351.609375
352.031263
352.601279
351.409951
351.790047
351.290975
351.717535
351.729375
351.506271
352.006175
351.407551
351.309823
352.361663
351.980927
352.492095
351.605919
351.996415
352.200895
352.219775
351.128767
351.561247
351.317919
352.499999
352.332543
351.998623
351.806399
351.427615
352.067871
353.007775
352.104415
352.619775
352.522847
351.648607
351.664159
351.837855
351.429215
352.558175
350.926335
350.334815
352.116895
351.882655
351.783743
351.915263
352.111743
351.236895
352.403903
351.175423
350.709471
351.679487
352.158303
351.289727
352.296831
351.859519
351.842815
352.421055
352.135743
351.123871
352.188543
351.172063
350.785567
351.750079
351.535583
352.121503
352.134239
350.979583
350.964383
352.685535
351.706431
352.185951
351.457183
350.752159
350.493503
352.034719
350.744415
351.293503
351.986879
350.678367
351.896031
351.564959
352.180511
351.596159
351.194975
351.442207
352.343647
351.680735
351.993183
351.790207
351.882495
352.660639
351.830175
351.205023
351.333631
350.399295
351.685791
352.079967
351.547743
351.061503
351.950975
351.810399
351.573247
352.310367
351.956255
351.783999
351.830143
351.605119
351.989823
352.583135
351.956799
351.636767
351.811487
351.885663
352.611263
351.878495
352.074015
350.786815
351.936543
352.064127
351.683967
351.680095
351.290431
351.513311
352.085055
352.385951
351.451519
351.872191
351.922111
351.539039
351.558463
352.285439
352.239231
351.780127
351.760831
352.490399
351.779167
351.932287
351.821055
352.030399
351.223295
353.268671
352.606239
351.974271
351.667679
352.248447
350.989503
351.886463
351.541983
351.635935
351.687519
351.784767
351.612927
351.391167
351.693087
352.378687
351.186495
352.052511
351.364639
352.266367
351.437439
350.841279
352.217215
353.119327
351.883327
352.183551
351.760799
351.823327
351.623711
351.094015
351.730591
351.535519
350.844351
351.746431
352.223391
351.344191
351.638015
351.679167
350.715711
351.878367
351.824991
352.201631
352.821663
351.044383
351.331167
350.893279
352.914399
352.252927
353.485407
352.442623
350.595999
351.949663
351.765375
352.363103
351.695743
351.289919
351.242143
351.930335
352.306431
351.622847
351.363359
351.579391
351.931647
350.882527
352.999199
351.744703
351.791935
351.292767
352.219103
352.589503
352.309887
352.065215
351.922271
351.544639
351.861215
352.015711
351.987231
351.747391
351.348063
352.531039
351.262783
351.930175
352.414751
351.300383
352.117983
352.761503
350.882175
350.957759
351.118143
350.871871
351.675807
350.779167
351.822239
352.783167
352.912287
351.214719
352.425599
352.341567
352.099743
352.020223
352.285727
351.962015
351.944095
351.817215
352.583871
354.238367
352.848735
352.455423
352.799167
352.154591
352.295359
351.375135
351.936415
352.604255
351.557855
352.086655
352.424415
351.930239
353.266527
351.898079
352.546079
352.464767
351.613695
352.101247
350.880223
352.653343
352.441983
352.204991
350.837695
351.688095
352.889599
351.839967
352.328319
351.620959
351.633087
351.621567
351.317663
351.858975
351.336831
352.409503
352.196063
351.893375
352.310175
352.013119
351.902687
352.109727
351.344863
351.930271
352.744223
351.184575
351.897695
350.633791
351.244031
350.976319
352.245119
351.606719
351.150239
351.851647
352.378847
351.699295
351.387647
350.757183
352.168607
352.768703
351.837727
352.196063
353.067039
352.308799
352.236735
350.849535
352.301663
351.265727
352.531167
351.735903
352.112799
351.491423
352.084959
350.189151
351.833087
350.786207
352.360895
351.530815
351.746175
351.773695
352.905951
352.221695
351.379967
351.719295
351.316159
352.279807
352.872927
352.136703
352.237119
350.875551
351.817727
351.517983
351.445663
352.789663
351.655711
352.451487
352.527263
352.305919
351.258815
351.926239
352.701311
350.544671
352.017343
351.444831
351.151935
352.295583
352.182783
351.549823
350.450367
351.880511
351.888671
352.154623
351.592095
352.259455
351.266751
352.280607
351.167583
351.623167
351.416031
351.143743
350.769919
352.220255
350.774015
351.813823
351.449951
351.380191
351.763295
351.336415
350.334495
351.428671
351.688991
351.522911
351.947743
352.294591
351.604351
350.567679
351.458847
352.308383
352.258687
351.897727
351.132607
352.478815
351.894911
350.827711
351.513663
351.340799
352.372671
352.011999
352.107007
351.684831
351.546175
350.539071
351.868191
351.833023
352.295615
351.354463
352.499839
351.095615
352.593887
352.616863
351.406015
351.417887
351.313503
351.811711
352.614623
352.947871
352.654271
352.477631
351.767903
352.156415
351.669983
351.627807
352.348447
351.201535
351.704063
351.155871
351.651231
351.292735
351.040895
351.566079
352.072959
351.346303
351.846591
351.626783
351.937535
352.056287
351.832383
352.443519
351.259231
351.694783
351.357823
351.997631
351.859967
352.254527
351.944191
352.363199
351.792671
351.393343
351.738879
351.939615
351.895647
351.333631
351.527871
351.755007
351.292799
351.802879
351.583519
352.532927
352.854943
353.094719
352.585887
350.746079
351.856223
352.605567
351.086143
351.787743
352.456607
351.691071
352.042911
351.670559
351.637823
351.861727
351.376479
351.967775
351.495935
352.147295
351.830015
351.084671
352.148639
351.484479
351.671935
351.872735
351.480831
352.201535
350.842271
351.687743
352.268543
352.836543
352.811455
352.436799
351.839135
351.733087
351.666527
351.489823
352.483935
352.064127
350.984479
352.245663
352.600799
351.694367
352.801759
351.791519
351.242751
350.237759
351.333663
350.430879
352.221503
352.445503
352.126943
352.132863
351.848735
352.270943
352.411615
352.328863
351.926719
351.228575
351.736703
351.194239
351.512159
352.071007
351.703615
351.963935
352.020223
350.906655
352.226367
352.436863
351.099135
352.393983
351.996095
351.945727
351.736447
351.465855
352.257247
352.479135
350.964895
351.712063
351.533951
351.743327
351.833247
351.697983
351.114367
352.352991
352.284479
352.035871
352.599487
351.926655
352.218399
352.675743
351.631935
352.487583
350.847359
352.707103
351.562975
351.940159
352.065023
351.638975
352.232287
352.168127
351.072223
352.339967
352.339327
351.292863
351.472287
351.186751
352.338175
351.955583
351.969215
351.681759
352.538143
352.055167
352.473151
352.526367
351.594655
351.437951
351.926495
351.531967
351.552607
352.386047
352.286655
351.842847
351.934623
352.170175
351.669055
351.935423
351.945279
351.815871
350.880767
351.862815
351.319807
352.033663
352.120223
352.178175
351.860543
352.316927
350.818111
352.400415
352.004927
351.861279
352.061343
352.735295
351.295903
352.109631
351.485759
351.431455
351.810847
351.346591
351.926975
351.485375
351.244799
351.356863
352.263423
352.268063
351.321279
351.794879
351.494751
351.200063
352.352383
352.302463
352.178303
352.331007
353.072159
351.126559
351.353887
353.165279
351.120639
350.844895
352.294687
351.581919
350.351647
352.309023
351.823007
352.743039
351.840543
350.805695
351.222879
350.331423
352.074175
352.116511
351.139615
352.682303
352.049343
351.489599
352.357183
351.809055
352.230559
352.410143
352.557599
351.735359
351.541311
351.909823
352.242207
353.374399
351.359711
351.969311
351.272191
351.587039
351.995423
351.556127
351.454911
351.912063
351.906879
351.588127
351.116127
352.444639
352.151519
351.226815
352.071007
351.457695
351.690207
351.647007
352.191679
350.996543
352.300671
352.515199
350.823839
352.711359
353.046271
351.728767
351.865887
352.087071
352.300799
351.936191
351.161087
352.244799
351.538783
351.334943
351.177759
352.385567
352.682847
352.348767
352.004159
351.926847
351.985759
352.029631
352.410783
352.358079
351.868799
352.565631
351.952511
352.404895
351.878975
352.054719
352.438527
352.425375
351.212127
350.468223
351.576575
351.774239
352.184991
353.519807
352.318911
351.521983
351.915359
351.260735
351.878847
352.273311
353.011583
351.855871
352.503199
350.572799
351.081759
351.726239
350.658431
352.424447
352.229535
351.412639
351.381759
351.874943
352.132895
352.759743
351.998207
352.574719
352.233311
350.852895
351.956671
352.373887
351.411327
352.063775
352.472383
352.086143
350.605151
350.945503
351.751999
352.050975
352.240991
352.286111
351.321983
351.596383
352.603167
351.546527
351.314751
351.222943
351.329983
352.418687
352.627327
350.992511
351.173823
351.243359
351.373247
351.480895
352.056095
351.107935
352.041439
351.136351
351.826559
352.548959
351.420319
351.392511
352.458431
351.237151
352.652959
352.435007
351.904191
351.601919
351.306559
351.903007
352.111775
350.488223
352.739231
351.626143
352.282783
351.342495
352.503231
352.190655
351.922431
352.391135
352.188607
352.574559
352.647647
351.691647
350.622239
352.517919
351.921951
352.006527
351.942367
352.419551
352.446495
351.563775
350.191519
352.954175
351.109727
352.932799
351.886239
352.271807
352.291647
351.401791
352.538591
352.289919
352.221375
351.733759
351.069151
350.706111
352.261375
352.104575
352.233759
350.650111
352.441759
352.048703
351.969183
352.610911
351.613247
351.964191
351.996319
352.623583
351.697183
352.549567
351.868703
351.760255
352.444927
351.691871
351.594047
352.093375
351.603263
351.830911
352.495679
352.168159
351.374463
352.058687
352.288287
352.311295
351.396479
351.191551
351.372831
351.962207
351.017663
351.257087
352.009055
352.216543
351.998143
352.190655
351.515327
351.672927
351.455679
351.975775
351.642719
353.053023
350.977503
351.884895
352.222207
351.534175
351.185919
352.180223
351.510079
351.823071
352.066463
352.088607
352.080703
352.020767
352.197375
352.067455
352.018399
353.250719
351.430911
351.393215
352.259583
351.089855
351.191615
352.755775
351.567167
351.672191
352.139167
351.829087
352.323519
351.008991
352.953631
351.558367
351.124799
351.662047
352.795743
351.540447
352.396703
351.520319
351.596671
351.169759
351.807871
351.773087
351.606431
351.583583
351.406015
351.507935
352.332095
352.097663
351.568831
351.744511
351.807551
352.579135
352.038431
351.654111
352.681631
350.934463
352.060895
352.871487
352.546143
351.583775
351.732031
352.848191
352.358527
351.824671
352.306591
352.841471
351.394367
351.404287
351.868319
351.837503
350.624479
351.751167
351.290655
350.673183
351.946047
352.392415
351.321567
352.307903
352.060383
351.040095
352.416831
351.962591
351.552895
352.315455
352.110047
351.806431
351.500895
352.051071
350.741983
350.587423
352.722655
351.135423
352.640479
352.376863
352.313663
351.993407
351.888415
351.847615
352.507807
351.379871
352.721343
351.453567
350.952895
352.431935
351.319679
351.596127
352.496799
352.174943
351.064223
351.640255
351.514655
351.789567
350.980575
351.341887
351.591711
351.701663
351.781407
351.551999
352.942303
352.203039
350.579935
351.594687
351.837343
351.336671
351.444287
351.493375
351.368095
351.794399
351.785919
351.905663
351.155423
351.530143
351.534719
351.281503
350.598655
351.905055
352.170847
352.044671
352.399839
352.489087
351.049471
352.373567
352.403007
351.698175
353.050559
352.666303
351.957247
352.246527
352.239327
352.311167
352.216159
352.128863
352.021119
350.523679
351.962239
351.629919
352.285375
352.929951
352.509439
352.674239
352.647455
351.681183
352.181279
351.550463
352.173791
351.636319
351.893375
351.834143
351.447135
352.257087
352.051903
352.120063
351.650143
351.527839
351.672607
352.782911
352.843199
350.684543
352.029343
353.157119
352.400959
352.271743
352.163935
351.424447
351.687551
351.195935
351.883039
351.903071
352.288031
351.934783
351.036191
351.315967
351.326527
351.022207
351.766559
351.121663
351.988799
351.558847
351.305215
350.594335
351.731519
352.269535
351.418079
351.831711
352.097823
351.649727
351.812223
351.831167
352.176223
351.771327
351.566943
351.861183
352.045951
351.728927
351.842495
352.890655
352.669663
352.756703
351.538623
352.213119
351.801407
351.400575
352.788639
352.489759
350.492735
351.594783
352.037599
352.202687
351.818143
352.403807
351.562271
352.045567
351.962751
351.757471
351.386687
352.369535
352.382847
351.256191
351.443103
352.618943
351.030687
352.973343
352.109375
351.261535
352.164383
352.290751
351.573535
352.927839
352.220095
351.652991
352.153215
352.346751
351.862591
352.145887
352.001151
350.850367
352.103583
351.485247
352.495231
351.763871
352.051967
351.245023
350.582687
352.088191
351.345535
351.323679
352.614303
352.513023
351.837439
351.631711
351.028159
351.986495
351.468671
351.613983
352.153311
351.547839
352.085279
350.844927
352.231615
350.216095
351.338655
351.937567
351.748063
352.201311
352.000767
352.634047
351.863359
352.090943
352.498623
351.347679
351.849055
351.444351
352.096767
351.382399
352.480575
351.353695
351.565311
352.430623
351.124255
352.460543
350.736415
351.024895
351.974111
349.789727
352.079455
350.822143
352.723807
351.859487
351.415935
352.487679
351.737055
352.307039
352.505375
351.553055
351.852383
352.552511
352.185535
350.820703
352.532191
351.613759
351.603167
351.577887
350.475935
350.725023
352.095967
352.243327
351.436607
352.369823
351.795935
351.466079
351.143135
352.251807
351.442335
350.804767
352.664735
352.275071
351.156191
351.441791
351.139487
351.893887
352.404095
351.745855
352.285887
352.413599
352.930431
351.933567
351.933695
352.024191
352.431903
352.542495
352.643775
351.284831
351.885471
352.257759
350.960255
351.856799
351.350207
351.811391
352.011263
350.878943
351.149471
352.693663
352.383967
353.214111
351.911487
351.757247
352.600447
352.327903
351.489023
352.840191
352.310783
351.632447
352.215295
352.354783
350.967519
352.074719
352.031359
352.734015
351.701695
352.812383
352.634911
351.531775
351.713247
351.808543
350.764191
353.257407
352.072927
352.191167
352.393727
352.459967
351.712607
352.467039
352.184063
351.614911
351.173823
351.317855
352.038911
352.641087
351.903391
352.024831
351.632511
351.974527
351.851039
351.791231
352.105119
350.971455
351.464639
352.686655
352.048415
352.276543
