882.228190
884.520638
883.263582
882.745182
880.998430
879.149822
884.520254
885.908222
882.783614
881.820894
880.141150
883.572446
882.135134
882.969086
880.380030
881.551966
883.972030
880.741950
881.769726
879.708638
885.525662
883.065854
883.506366
884.013470
882.791486
882.328350
882.936606
877.991934
882.052126
880.638718
883.253950
882.863582
883.548062
878.860894
882.634942
882.072926
882.105214
881.857950
881.572478
882.571326
878.203518
882.257310
880.464286
881.121886
882.838206
880.847934
883.051006
882.952062
881.360702
881.601662
877.738718
884.241054
882.803294
884.313694
879.156990
878.603486
884.710270
880.381406
883.173406
882.668030
882.139326
881.139870
879.670174
883.324926
881.160606
882.718110
881.182206
883.772126
879.212542
880.348990
883.165214
881.004638
879.446078
883.393054
880.595902
882.937982
881.858718
881.097854
881.182462
880.807102
882.138014
880.321182
882.030846
882.687422
880.269502
881.942238
881.551198
881.203230
881.028094
881.531070
882.508382
884.130942
883.350686
881.638430
881.444222
881.508254
880.507198
881.320478
880.625086
881.873854
880.532702
881.758558
883.275678
881.367006
883.305246
885.695358
883.565790
882.192094
881.931262
886.462974
882.898238
879.263966
882.270910
880.415870
880.200574
883.437854
881.668222
881.169630
883.078398
882.998750
882.298526
882.901086
882.099454
883.146494
879.698206
880.636254
882.074910
884.841246
879.920542
881.597278
883.344734
883.334590
879.043806
882.932254
880.533534
883.090142
881.114238
881.674846
881.165406
882.695070
881.722974
883.033310
880.411262
880.193854
883.190270
880.294142
884.733406
881.994014
880.854846
883.105086
881.237118
878.855102
878.454782
880.539006
881.936542
880.054206
879.661438
882.270814
884.202622
881.566910
881.971422
878.760414
880.505822
879.962270
883.263134
882.813982
882.764958
880.957406
880.405310
881.843742
884.029278
882.735550
882.615966
884.441950
880.484382
879.589982
880.427934
880.873150
883.080638
883.688414
882.838046
881.336542
880.820062
881.443934
882.208798
879.936446
884.150014
883.205438
880.101854
878.939038
881.494366
882.407614
878.381598
883.316318
882.437118
879.558974
882.057086
883.070462
880.412798
882.544318
881.723774
883.200990
881.260670
880.815838
882.165182
880.155198
881.956958
880.919678
882.122398
884.953310
884.360094
880.138078
878.548286
880.785438
882.038622
884.160574
883.220734
885.559294
883.519262
883.611102
883.125310
882.647582
879.191102
881.996446
879.277214
883.442462
882.235774
881.473470
881.440862
881.782014
880.584094
882.043358
886.687710
881.187262
883.294526
880.986974
882.267646
880.933758
881.217310
883.902238
883.357726
884.436222
879.359934
882.606526
884.270494
881.646238
880.280958
878.984830
882.638462
882.507294
881.989950
882.151070
881.911614
883.299998
880.762942
882.267966
885.347070
880.292542
878.332350
883.974942
882.436670
885.322174
878.890494
882.164158
879.644318
882.589694
884.537438
880.933502
883.413406
881.840638
882.438782
883.016126
882.240222
885.003102
884.213182
880.240894
882.272094
885.614462
881.079934
884.955102
879.121598
881.842078
884.573950
883.527486
880.259070
881.120574
881.784734
881.357950
879.449566
878.718590
880.414814
883.931326
882.704414
881.460894
882.262046
883.767902
881.992414
882.363582
880.024958
883.667294
881.744862
882.667646
883.815294
883.007198
882.978398
882.218782
883.674302
883.211102
879.403422
881.714878
883.210366
879.940766
883.452670
881.226270
883.461246
879.971998
881.465630
882.038814
884.173886
880.801758
881.599134
884.832094
879.573790
881.423582
878.691294
880.379614
881.728382
880.016478
882.131134
880.333118
882.335134
882.754494
881.969022
881.843838
881.145694
879.629022
880.177566
884.570142
882.046942
878.918206
883.446014
879.969470
884.420382
880.828510
885.144382
880.047326
880.741630
881.001342
880.813150
879.671454
881.784318
884.715998
880.048574
879.994846
881.964254
881.624990
881.285694
880.085566
882.729406
884.375198
882.924798
882.604798
883.431870
881.946366
882.366526
883.675102
880.392734
884.807582
884.265086
885.147166
880.808062
881.792990
881.326462
880.514494
881.155486
882.329246
882.017822
882.036094
881.374238
880.623582
881.053982
883.122974
883.588190
882.526302
880.815902
878.321598
883.924894
880.406110
882.539518
883.661822
880.211614
883.924606
881.816062
879.755710
883.031134
882.917950
883.419038
884.834462
881.140126
880.156990
881.347422
881.890430
879.037118
881.146430
882.618942
883.953406
881.290494
881.287838
881.189726
881.318462
881.771742
881.716862
881.467902
881.462238
880.791902
883.537598
880.220190
881.541214
882.978750
879.812798
879.261662
881.609118
880.397310
884.015998
879.983294
881.467614
882.192734
880.450942
881.367358
879.879070
880.701918
882.059870
880.670718
880.691166
879.370718
883.332286
881.325118
879.993726
883.498814
883.103774
883.000894
880.113982
880.807550
881.172862
881.985566
881.331230
882.963742
880.973534
881.621118
881.936510
882.834366
883.326718
879.975966
882.986334
880.220606
881.654942
883.158206
881.368670
880.185086
881.066750
883.601630
881.257374
881.894046
880.778398
879.959902
878.570334
884.401054
882.900062
880.824510
883.120574
881.062174
882.267422
881.056190
879.910942
884.050238
882.045470
883.720062
880.939678
882.327678
884.041374
883.122526
879.766078
882.051998
879.243518
882.268766
878.861598
881.649566
882.248222
880.204158
881.249566
881.302686
882.910750
879.132638
880.133310
881.437662
885.030622
881.406846
880.195198
881.891870
883.065406
882.967262
883.294302
885.273662
882.682654
879.625022
881.943006
881.033438
884.970558
881.295038
884.526750
883.312510
883.013214
879.148990
882.510238
882.629726
881.136574
879.662078
879.983550
882.920542
880.205502
881.524734
880.869150
883.569374
879.727550
882.478910
881.802526
882.087422
884.990398
884.729118
883.808062
882.333822
879.875134
881.846366
881.870270
882.508638
884.362366
882.160798
883.718494
881.640798
882.859934
880.063710
882.809086
881.810686
881.163902
881.572830
882.700350
885.483870
882.683262
882.664062
883.029758
882.583838
879.715934
880.767998
879.128030
880.991486
883.502718
883.014014
881.024254
880.135774
885.129214
879.843006
881.593694
883.491582
882.202494
880.245502
879.894718
881.046558
881.735966
880.859486
881.140382
879.099806
881.099582
880.553086
882.343422
881.737374
882.249406
881.039198
881.672894
882.114910
882.902974
880.840702
880.450494
879.862942
884.018174
882.134590
879.902750
880.758814
879.101950
881.935806
882.415198
878.950494
881.628158
881.307454
880.828446
880.611198
883.197598
885.907646
883.262590
880.824126
880.875102
879.046814
884.601310
882.271582
880.866846
881.650110
879.889374
880.875806
882.074142
882.827774
883.395518
880.242462
879.904478
881.376670
880.614142
883.491070
882.540670
883.169662
883.773054
882.653054
880.432254
881.305054
882.140158
881.667166
881.980094
881.661182
880.010078
880.193758
883.714206
880.249246
879.755902
880.319550
882.893534
882.494206
883.211518
880.737150
880.957918
882.584574
880.889822
885.807934
880.661662
881.440638
879.689470
881.236158
881.601662
883.240606
880.049502
881.433310
880.901822
885.005950
879.179134
881.544254
880.308702
880.291550
880.120830
879.514494
882.509726
884.112926
880.530654
881.335998
881.489822
883.987454
880.431454
881.263902
882.845342
881.115326
880.242270
884.445086
883.874046
879.719774
882.914654
881.752094
883.079134
879.090782
882.756670
882.170782
880.107742
879.520286
884.520894
881.240734
884.473598
883.654302
885.855070
883.339678
882.835006
883.015806
884.386750
879.770078
883.726110
880.873374
881.701758
879.574846
881.719902
880.524638
879.558846
880.787486
881.755134
879.377534
881.920510
880.582238
882.208638
884.327774
882.981502
881.143198
880.183134
881.837374
878.282462
884.938718
882.728990
883.772734
883.457342
881.145278
879.353278
881.753246
879.834142
883.356254
881.213278
880.698494
883.484670
881.642014
880.314302
881.595102
881.582654
881.954878
882.010078
880.463902
881.384286
879.299614
880.515614
880.946046
880.579614
880.572030
882.537278
882.430750
883.712830
881.196894
881.231070
880.521790
881.430078
878.842974
884.212574
883.669758
881.405470
881.899774
879.853150
881.907262
882.304670
881.297598
883.455646
882.262942
880.835486
883.924638
880.471454
881.147134
879.006142
883.992030
881.441534
883.059614
879.614558
880.995934
883.753118
881.381278
882.484030
880.335326
883.315582
879.031710
880.801726
880.635294
882.114174
881.615582
879.879998
883.318910
884.998654
881.972606
882.379006
880.857214
880.044318
880.892126
881.210942
880.351486
883.501022
885.802174
881.388382
881.286302
883.859774
881.922878
881.152318
885.806910
885.065406
881.951358
881.137470
882.178174
880.865758
881.144382
881.320798
881.736862
880.387710
880.857438
881.906366
883.770110
881.792638
881.143582
880.493726
879.232606
881.586270
881.068894
880.790718
881.985822
878.876542
881.622046
881.948318
882.467230
880.863454
880.373982
880.211198
878.987038
885.315710
883.077598
878.350334
881.665662
880.711198
881.644542
879.989566
882.575358
880.022302
878.852382
883.449726
880.624318
882.735742
880.202494
881.811582
882.712158
883.915678
881.778270
878.874718
883.559358
880.005310
880.239390
882.742942
882.543678
882.935710
880.746142
879.864446
881.123358
879.375646
882.124670
880.048894
882.377022
882.363358
881.975838
883.553566
880.659582
880.288094
881.202910
883.230718
880.553502
881.289982
880.893598
879.439326
884.254206
880.990878
879.223294
881.357566
880.742814
880.800606
883.428670
882.421726
879.184126
881.456894
884.090942
881.583614
881.349374
882.879358
881.524734
880.648574
883.956990
882.744158
880.599966
880.163838
878.464030
880.329726
882.288606
880.618750
880.053374
880.505470
882.256702
880.826494
883.730462
882.580990
881.299966
881.508158
880.539710
882.017726
880.728862
881.732702
883.462174
880.311934
880.167486
882.159358
882.493854
884.354430
882.978174
881.910462
881.129406
881.019486
882.225086
880.816286
884.807358
880.863326
883.784318
881.643198
880.436030
881.904926
881.720030
880.380190
882.157790
882.628766
883.170654
880.939966
882.393982
881.283966
881.507966
880.603390
881.576318
882.156670
878.839006
880.400830
882.501470
879.746014
881.909278
879.548254
879.228574
878.568958
881.177470
883.253822
878.908702
882.373662
882.523486
881.782174
882.223582
880.935550
880.826942
881.942014
882.400638
882.663550
879.951230
884.377470
879.292830
881.466878
882.352286
880.499966
881.051710
878.103902
881.131230
883.207582
884.545662
882.503902
880.176510
882.257022
881.048190
879.336606
884.270014
878.652894
882.020510
880.959422
883.627486
881.022846
881.907326
884.372798
883.496926
879.729950
882.987838
883.866526
883.245886
883.305950
881.848830
884.961790
881.093950
880.373118
881.331358
880.568574
883.420062
883.247678
881.933278
881.522302
879.790942
884.321598
883.160670
879.262430
880.748638
881.490238
883.075166
883.044990
880.865598
882.224894
880.345246
882.361470
883.488286
879.646110
879.100286
879.872382
882.207102
880.555646
884.696158
881.840158
883.172382
881.218174
881.631486
881.424766
883.092062
880.950942
881.466462
880.535326
882.306462
880.021982
882.905406
885.556094
880.569374
878.084606
880.300414
881.298622
884.431294
878.191806
880.054814
880.616990
883.738494
882.488734
883.872382
883.392830
881.218302
880.290782
878.808158
879.308798
881.916894
884.380990
879.565726
879.539294
881.042398
879.572990
881.207454
881.583806
882.655774
882.128062
882.114046
884.218654
881.152158
883.147518
879.000446
879.373278
885.256382
880.995006
880.761758
884.187902
885.099902
883.446942
884.446206
880.278142
880.977214
880.160990
883.266462
882.244510
880.291230
879.974622
880.890942
883.746046
883.239902
880.525246
880.454142
882.706590
883.368062
882.475678
883.203614
881.738206
882.018718
880.377982
880.645822
879.481534
879.535102
881.046110
882.433502
880.870398
880.279774
879.102174
879.559614
882.371614
881.086334
879.856926
882.748446
883.203166
883.904926
881.383230
879.033438
878.927550
879.641374
884.292574
880.421854
881.169406
878.639518
879.590302
879.707006
881.898974
884.150174
882.078718
880.232702
879.031166
882.848798
880.173406
881.390494
880.409630
879.839902
883.577278
877.780926
883.906590
883.140542
880.788254
879.838558
885.575806
882.403166
883.021598
882.070238
880.943902
880.686846
880.242078
881.069214
881.418462
880.647518
879.937374
879.058558
880.379070
882.213694
878.873086
878.891006
879.517438
882.051614
880.897470
881.903486
884.623006
882.681054
880.931198
880.895070
880.068638
884.014558
881.635070
883.874654
882.131710
883.201694
884.523774
881.359998
882.928094
881.993950
883.509118
884.675422
882.691166
880.334462
880.182558
879.757182
883.028894
880.186910
882.718014
880.046014
882.189438
882.122238
882.861630
881.575070
883.151294
880.606590
883.344734
883.419998
880.201374
880.855966
882.147198
878.736958
881.043102
880.971326
881.472798
883.119038
881.965374
882.102462
882.755134
883.397278
885.254814
881.179134
879.776382
882.793790
883.655486
881.321022
879.029982
881.607006
886.127134
882.885118
880.508158
879.831006
880.937214
880.697566
881.383422
880.921086
880.496638
886.104638
881.378494
882.376702
883.173598
884.236958
884.261278
883.249502
880.745310
882.536126
880.805598
881.477630
881.289566
881.754110
879.696126
879.451614
880.648094
882.661118
878.754238
883.170462
882.609342
878.495006
880.931198
881.772766
880.004926
882.999614
883.138302
879.120414
880.278046
883.025246
880.125502
880.803230
881.880382
882.325086
879.167934
881.805854
880.405022
884.474206
881.667582
882.131902
881.511902
881.531038
880.832382
880.908926
880.566270
879.730494
884.165790
880.837918
881.943774
881.894110
879.664958
882.227422
882.302718
880.340542
880.075390
878.618974
882.516958
884.225150
881.593950
881.679998
884.256958
880.903358
880.761470
880.611454
879.698014
879.018494
880.460862
879.230686
884.350238
883.274718
880.569150
882.903486
881.284286
881.686782
882.023422
878.331518
883.183806
878.597214
878.767198
881.242910
880.221566
882.471102
883.244062
882.496574
879.890942
880.561918
883.537246
882.605566
882.532734
885.708734
881.961342
882.130686
882.306846
882.675486
881.996926
881.838974
881.757342
884.163006
878.512798
880.924382
881.101598
884.500062
881.396382
882.867454
884.109438
885.053470
881.423646
882.359806
882.758622
882.750878
882.043742
881.831710
882.165374
880.289822
882.868606
882.896638
882.417790
880.223934
880.761758
881.774846
884.074398
881.357886
882.084830
881.279742
880.939742
881.347870
882.673822
881.801150
883.445886
883.531678
880.122558
882.189534
883.618270
882.812702
882.994014
880.905278
882.594974
879.305886
881.321950
881.753694
882.632894
881.613150
882.321438
882.210430
881.025406
883.326558
880.696990
879.180798
883.162558
881.245822
881.227934
882.454238
880.402014
881.415006
883.221566
880.767550
880.451646
881.893022
880.210110
880.954014
881.415294
880.986302
880.873150
883.569758
883.819102
880.411582
879.943358
883.807038
881.144894
881.878206
881.825054
882.954238
882.715966
880.435966
882.190974
884.410878
883.093086
883.177342
878.523102
883.027134
881.486270
880.682814
881.020318
883.385758
881.673022
878.653310
882.909470
878.865246
881.630142
880.428926
884.036190
885.352734
882.245662
883.490814
879.119838
882.712222
880.287678
883.853438
881.653918
880.864830
881.713982
882.527742
878.731006
884.091422
880.118590
880.021534
881.974750
880.455710
881.714590
882.483326
881.357822
879.875614
882.160318
881.399582
879.735166
880.334462
879.767614
881.144990
881.258686
880.662494
883.150334
882.130686
882.915550
881.578782
882.828702
878.763870
881.895998
880.184926
885.897182
881.860382
881.016510
882.185822
884.333758
884.990878
882.494494
884.750686
881.538526
882.363102
882.159806
879.581694
879.529054
884.186366
881.685726
883.927582
882.518526
880.271710
881.106686
886.237726
881.524478
881.287614
884.460318
882.589374
880.032574
885.504830
879.589854
884.729374
879.548190
880.623966
884.047550
880.482110
881.909534
881.905854
880.281694
881.633694
882.574782
882.500478
880.212638
881.585726
883.325214
879.774846
879.838334
882.129342
880.822046
881.292958
880.813726
883.392542
883.929118
881.751934
878.955870
879.816830
882.133310
880.598750
880.987934
880.900542
883.059870
877.819998
881.124958
879.405694
880.911230
881.283902
880.692670
884.668350
881.922526
881.397886
881.357790
881.971038
884.434782
884.630110
879.761918
880.767742
881.451486
878.032894
882.399902
878.950558
884.771998
879.078654
882.934046
882.418942
880.381950
881.934366
881.990782
882.459294
884.409662
882.591774
880.343262
883.269758
882.631006
878.382750
881.031198
881.612638
881.536830
880.737438
880.392446
881.516830
883.046750
883.545310
881.021982
882.097950
881.988734
881.357726
883.464638
882.255838
882.714174
881.723230
881.616510
883.231006
879.789022
881.224286
881.648798
881.058014
882.014686
882.438142
882.656254
878.615678
882.894462
882.102366
884.145118
879.662462
884.822878
884.019742
882.786942
882.030206
880.796702
882.872446
878.999422
881.475966
882.105470
881.676766
882.489726
881.996350
880.099646
880.869118
880.035550
879.357598
879.827582
880.767998
883.431230
880.829982
882.177886
886.148542
882.353598
881.504254
884.925406
883.977310
880.296414
881.758782
879.362558
882.201278
880.452062
881.022558
880.018398
880.814622
880.775678
883.217758
878.564414
882.317662
885.925150
880.503806
880.914814
880.755230
885.163998
880.572062
880.919582
882.534398
886.764510
880.513214
883.387902
885.362558
881.831710
882.104766
880.065886
882.442686
882.802334
882.069982
881.556126
879.721598
881.189662
884.432510
884.185662
882.143102
879.905822
882.561822
880.877342
880.789790
879.655646
882.360638
881.421310
884.149150
883.788126
880.256254
883.076318
882.688414
880.237310
882.201118
880.055390
882.317854
884.182622
882.963230
881.020190
882.093054
882.820542
882.699838
882.464958
881.933886
881.274942
880.575614
882.496926
882.767358
882.111934
881.785118
879.588510
880.680510
879.264414
881.283870
880.539422
880.784094
884.189758
883.166814
879.894462
883.177438
883.099934
881.240830
881.187454
880.410814
880.439070
880.596670
881.119550
878.367934
880.771614
882.933950
883.272766
884.387326
883.034206
880.949726
881.551198
880.476574
881.903294
882.565246
879.886142
883.105758
877.967454
881.186462
880.775166
881.047422
880.253438
879.897118
882.066590
883.411774
881.912318
880.703358
881.776734
881.031806
880.087006
882.126910
881.310974
881.123646
882.732062
882.690974
882.148542
882.092382
883.636350
882.254046
882.815710
880.835582
884.175582
881.647134
882.012926
881.311326
883.481470
881.550622
880.029758
880.364062
883.511262
878.726174
882.251102
881.590334
878.750686
885.043998
882.202654
882.525342
883.880446
884.229310
884.002046
881.643678
880.779070
881.861566
883.372958
880.804062
884.141822
880.894206
883.031806
880.142750
879.770814
880.944862
883.042654
880.388926
880.615870
880.915614
880.739326
878.821726
883.115134
882.934494
882.678302
882.003326
880.248382
880.794718
883.181726
883.569950
881.513214
882.172126
878.936446
882.602814
881.123710
881.144766
882.953918
881.754334
881.374654
879.829918
880.989758
883.252638
881.282750
880.232574
880.261854
881.863550
879.179518
883.980670
880.369214
880.522878
880.703102
881.129630
880.160734
884.039486
880.970590
880.176926
880.816542
882.727902
884.033694
880.713310
881.870622
882.441246
882.537086
882.359454
881.423262
880.424254
880.986590
882.209118
882.105918
882.623422
882.890814
880.964158
883.753950
882.553598
884.374846
882.973246
882.571902
880.110558
882.652254
882.087774
880.254718
880.759646
882.080126
879.391134
880.128286
882.985502
880.945566
880.792254
882.908062
878.675326
880.968158
883.804414
881.266142
881.317694
880.294462
882.554910
881.908382
882.526878
882.729726
882.828862
879.348190
880.805918
881.195582
881.298846
881.537374
879.537150
882.079742
880.654174
881.627326
881.899230
880.508030
884.142750
885.248766
880.653886
884.373982
882.376926
881.949758
884.479582
880.368670
880.850814
883.024958
880.961566
880.318526
882.533630
882.079870
882.876862
882.272286
880.873278
878.016702
881.682366
880.165374
880.560510
884.277086
882.040894
882.030654
885.625950
878.757150
880.288894
879.310238
883.623582
881.498974
883.130526
882.222942
880.199902
879.605758
882.655806
879.205918
884.040606
881.902046
880.897918
883.207934
878.745534
881.713822
882.855774
880.186654
880.494590
881.034878
881.775134
878.924030
879.955070
883.752510
880.810654
880.784318
882.282334
881.212542
882.744670
877.608702
881.249886
882.123390
882.776094
881.182654
884.020222
883.671806
880.645854
881.517278
883.991166
878.780606
881.172158
882.151166
884.191486
886.098430
883.060990
883.895518
883.108318
880.545086
881.934942
885.427614
882.213886
883.698814
882.367774
883.790814
881.235038
880.045534
881.070110
884.578654
882.818398
885.342878
884.596798
881.606206
886.104094
885.243230
879.050462
882.765214
881.517502
882.185502
883.757982
878.991902
881.459134
883.833950
881.340894
881.988542
881.843838
880.610494
881.419838
882.287614
882.603198
881.562174
882.712478
880.659966
882.148510
880.595710
882.840830
881.266494
880.971454
882.522526
881.737982
883.396542
882.473886
880.962142
883.692830
881.355102
878.410942
884.689918
882.639198
883.770014
881.669950
881.621278
880.602654
880.735710
880.680638
884.724862
881.864990
883.790494
881.793374
881.377726
882.663710
881.336382
881.044094
884.699614
880.559006
882.477598
880.075166
880.601214
880.467710
884.450334
879.340510
882.453278
881.134078
878.572030
879.197758
880.061886
884.031422
884.514142
882.305214
881.524798
883.389822
879.237918
880.831102
881.737214
882.590398
883.458462
879.579966
881.697726
882.054174
879.246046
883.400382
880.178750
884.235422
880.728158
882.324638
881.128190
881.808222
882.232638
880.852158
882.931198
883.322654
883.750302
879.895934
883.210846
881.190718
880.592830
880.258846
880.528318
880.463902
883.468254
885.391518
883.338942
883.303102
880.141086
883.219614
882.941598
880.091902
880.160798
882.908190
881.551614
882.199326
881.212926
881.711966
883.976350
881.176190
881.245822
882.243646
881.968446
880.656990
882.847870
881.647646
887.006238
881.813214
880.900446
882.791774
880.781214
880.728638
882.806206
881.140702
883.735902
884.191966
882.605182
881.908382
882.630782
881.484894
879.470398
881.731166
881.681310
885.112734
882.148670
879.576734
881.806046
883.197502
884.688606
882.445374
881.762046
880.825278
879.793438
881.724798
882.297502
879.306110
881.881694
881.964798
882.433054
881.297854
878.557566
878.723902
882.430622
883.843678
881.092222
880.730590
879.840062
881.932990
881.725406
880.861406
881.437502
882.024286
881.575774
881.768254
884.448190
880.774686
881.323198
882.493918
882.931678
881.427038
880.205438
878.845886
880.749534
879.655998
885.208286
881.077342
881.717374
880.299998
881.480926
880.530046
882.404382
884.477662
884.005790
880.583294
882.044862
879.648350
879.115998
883.973470
881.874462
880.302782
879.567518
881.954206
882.619678
880.736286
880.198910
886.866046
881.967262
880.575454
880.333822
881.191806
884.115678
880.151550
878.755678
883.153598
882.810590
879.773534
881.824254
880.973918
881.187262
883.823902
879.992286
880.502846
885.985054
880.133406
882.891646
880.370270
882.288254
881.849982
880.120734
882.479358
882.595902
883.158334
881.863646
883.646110
884.204766
882.693310
884.823902
879.585598
882.026046
881.997662
879.619518
883.498398
885.013054
879.850014
884.140062
881.176766
883.251038
880.707486
884.586046
884.047774
877.907518
882.994270
883.615998
879.690366
883.546110
882.985278
880.545086
880.822398
881.223774
880.950942
880.519070
881.871134
880.849726
881.950334
882.345278
883.568766
882.770590
880.443838
881.078334
882.836254
880.816030
882.892190
879.504542
879.539614
880.933822
883.714494
882.322142
879.309310
881.574142
882.347390
884.919966
881.076990
880.186334
879.913662
880.181566
881.718718
881.015710
879.552190
882.319262
881.410398
879.369918
882.775102
881.208606
883.862654
881.775998
883.287294
882.535486
880.097566
882.302910
883.852382
882.873790
880.460830
883.395294
884.973342
879.664254
880.722366
882.922110
879.954014
881.957310
881.511454
882.418334
878.960318
883.834366
881.380286
879.968990
878.402942
882.720542
881.719486
883.064542
882.136094
881.800638
881.895070
881.005758
881.042270
881.919230
884.015230
880.122302
883.741534
878.790494
880.944734
882.737054
881.312734
882.707902
880.356318
881.991262
882.306526
881.264126
880.791710
880.508062
881.651710
882.318174
880.466878
879.552158
883.568862
879.405278
879.920990
881.227294
883.183390
882.813054
879.639294
879.646046
882.924638
881.393150
881.699230
884.580030
882.414782
885.684542
880.540798
883.013566
882.373246
882.999134
880.142334
883.136190
880.293534
880.415998
880.066270
881.341246
880.894878
881.852766
880.679742
881.677374
879.496702
881.533886
882.500382
882.350174
884.241758
882.541630
881.024606
880.421374
883.429342
882.021310
883.222334
880.844094
881.482526
879.754878
880.208318
881.404702
882.121246
881.949150
882.345246
883.014046
881.892350
884.231486
881.698398
879.130782
879.435390
879.421278
880.346270
881.989566
881.693726
880.030206
880.868958
879.556862
883.782846
882.247006
878.234398
880.427966
879.935902
880.342558
884.490686
881.753118
880.727838
882.940830
880.901406
880.930366
881.363518
880.439390
881.243326
882.491870
884.925374
882.492414
880.010590
883.186558
881.903742
880.675390
880.956862
881.593086
880.534814
881.247390
883.364190
879.234622
883.476990
881.346270
880.506910
880.689150
881.819422
882.200510
880.986942
881.437662
881.793822
881.524958
881.950334
882.962974
881.621150
882.017374
881.476702
879.895806
880.180606
879.757406
882.750942
881.664190
880.376062
881.643902
882.892062
883.918462
880.015998
882.592830
881.795454
883.457054
879.814910
882.968158
883.080062
882.596830
883.448990
882.262302
883.048862
880.878366
884.871070
882.132286
882.903646
880.090142
880.053758
884.319198
879.655486
882.234334
882.095774
882.991390
882.345118
882.075198
880.913822
879.713822
881.330270
880.452798
879.266462
879.952158
882.552190
883.146686
881.753502
883.328510
879.754334
881.919166
880.050750
880.188446
881.177950
884.296926
881.080542
878.809470
884.834942
883.813566
885.041694
880.906814
885.078910
882.392798
881.507326
883.568286
884.685662
879.813406
881.090558
881.334462
881.765502
880.708958
880.120222
881.720478
879.387326
878.964286
885.187518
881.597150
883.741342
882.183198
881.634462
878.104510
880.783742
882.742430
882.927998
880.092894
880.782654
884.325790
881.014814
883.564542
878.834014
882.607390
879.349822
882.509534
880.820030
880.398590
884.957854
878.199262
883.798494
884.259230
880.527006
880.824254
883.441022
880.573694
881.882622
882.864542
881.085598
885.153758
881.715390
880.067774
883.397150
881.684318
881.432030
882.373022
881.206398
882.568350
883.727038
886.412542
881.204830
882.566302
880.300158
882.476126
883.041822
880.636798
882.341406
882.079518
884.120766
880.083166
879.227454
882.071454
879.975614
884.137086
883.578174
880.336190
883.442686
880.347838
882.372702
881.790846
881.684734
879.142846
883.095614
882.254686
883.953630
883.068606
883.882366
881.623966
880.684254
881.824190
884.451614
880.996862
878.743230
880.928222
885.139742
883.390174
880.233726
881.391614
881.788830
883.754334
883.188126
882.433182
883.424830
881.716670
879.108574
881.767454
883.067198
884.464894
882.378142
878.823518
881.069086
882.462750
884.089502
883.304542
879.595838
884.662270
880.997854
879.183934
880.636958
879.632766
879.629118
879.837566
884.144862
882.585726
878.364798
883.381406
880.901182
883.115678
883.638974
880.759198
880.752638
880.544414
880.864382
882.402014
880.197470
881.864382
883.947134
880.076062
881.914750
882.975902
881.436830
880.436830
879.665630
881.943198
881.130622
881.827006
881.765822
879.411678
880.714334
881.330014
884.659518
880.329918
880.125246
884.874110
880.064894
882.955966
879.683998
881.222270
883.180062
879.572638
882.527934
879.403486
881.372318
880.393534
882.074238
882.736222
882.800510
880.685950
884.290270
884.603806
880.168094
883.457118
880.188318
883.103550
883.192798
881.583070
881.026494
881.465022
881.347966
881.418174
881.445214
881.931038
881.371358
881.690430
882.683486
882.678078
881.175006
882.628990
881.789918
882.439198
883.328190
882.042654
879.691582
882.396958
879.599934
881.658270
879.235166
884.087550
880.172798
881.676414
881.326974
883.449822
878.480510
884.962430
879.608350
882.401726
877.765982
878.625342
881.308958
880.325598
882.058238
876.969662
883.530846
882.737534
882.330014
881.166078
880.511774
885.377822
881.042654
882.210302
882.962430
884.334398
881.962910
882.540830
879.622046
881.297662
882.441598
882.948766
883.237534
882.106206
881.815294
882.149822
880.459070
879.587838
882.765182
881.700062
882.924286
881.889982
883.734590
881.437950
881.450366
883.298686
881.249150
880.385086
883.154846
883.502878
882.808030
879.764446
883.111038
882.240734
879.665630
879.917534
881.901438
883.813726
881.875998
880.017950
883.165726
881.457182
881.206014
878.349598
879.961662
880.042302
881.726974
879.976862
882.579198
882.143134
881.919358
881.342878
881.931454
886.281310
879.961278
881.464702
880.787806
881.858974
882.234462
882.231678
881.660798
879.688094
881.350910
881.874238
881.969694
881.089118
880.162686
880.124222
884.663422
884.369534
881.829374
881.158398
880.509022
882.333502
877.902686
884.599166
882.131710
879.481406
883.507006
881.400190
884.556574
879.423454
885.863806
883.214302
881.582814
879.840478
881.489310
882.884798
882.393022
881.405630
882.451870
881.062718
877.827166
883.988990
880.979806
881.319358
879.719966
882.095806
883.507838
881.845246
881.449182
883.188254
880.868542
882.025534
880.365118
879.422302
882.092894
880.247198
883.442686
882.517662
881.039038
883.271006
881.870622
883.766526
879.310206
881.841118
881.002110
879.243518
881.482238
883.161374
882.958078
879.864030
879.551870
883.376286
884.565086
881.899166
880.704766
882.208126
879.165598
882.802942
881.604126
885.353854
880.483166
883.201438
879.605918
883.399966
880.817886
882.316734
883.882142
879.340510
881.478014
878.846526
880.612670
880.076638
880.907870
880.676318
881.190558
884.170750
882.789406
883.788670
882.150174
881.014718
880.962878
880.088254
883.857118
882.328158
881.350942
880.548830
880.250398
883.114302
882.557086
879.384190
881.898334
880.946462
882.989950
881.094526
881.506686
880.267966
879.869246
882.441214
879.660414
878.569406
881.342686
883.890814
881.942302
880.986814
880.336894
879.625150
885.099966
884.131358
882.521406
880.566846
881.361086
882.021950
882.904446
881.769022
880.819710
881.825182
881.207870
880.936542
882.180574
881.755358
880.524830
882.879390
881.261086
881.617342
882.502942
883.992894
881.525086
881.672798
881.516862
878.649022
882.835774
882.882718
880.851550
882.529406
881.336382
880.758942
878.638878
879.691614
881.384894
880.813374
882.202814
880.442366
882.204542
881.140830
882.839774
881.092414
883.577598
882.490302
884.170206
882.171710
879.864222
883.533918
882.772766
882.996958
880.756158
879.924734
882.242622
879.835966
880.825950
879.450910
883.098590
880.877502
879.957662
881.866494
880.586974
881.174334
881.985630
883.831806
884.243966
879.493726
881.883838
880.222270
880.361982
880.561406
879.560542
882.658238
881.324446
879.111678
879.182142
881.170558
881.146910
880.015390
882.712734
881.929182
882.765246
880.931678
882.295262
882.862878
881.145086
882.202334
881.869438
881.864926
880.578558
882.460766
880.270398
882.626110
883.729086
879.753982
880.972958
882.732638
883.059006
878.570462
881.325246
882.310430
880.394270
883.079806
879.916638
880.941598
880.992350
880.917726
882.643486
880.283006
879.591518
879.986174
882.187198
882.970846
880.098046
881.151326
883.963006
881.031774
882.683966
883.064158
880.670462
878.347070
882.744766
879.643742
881.626590
881.644766
882.757790
881.643102
882.120702
881.557822
881.139742
882.648510
880.224382
883.206078
883.221502
879.882494
882.383326
880.160542
883.390142
882.789566
881.663134
879.643934
884.589758
880.703358
881.343806
880.537150
885.194142
882.410686
883.994462
882.652062
880.469694
881.125182
882.061182
880.828862
881.195070
879.483550
880.317150
881.758910
880.808094
883.327678
883.158942
884.278014
881.382238
881.943006
881.636126
882.914622
879.243646
881.419742
879.663006
882.107998
883.959294
880.027966
882.587166
882.993854
879.591582
881.433438
884.573534
879.535038
883.202174
881.487646
883.437150
883.223006
882.195038
884.009950
880.059902
880.489566
882.834142
882.033118
882.449886
880.171678
879.921918
884.442494
883.770654
880.676926
879.179902
881.795390
880.664638
880.672542
881.968734
879.559838
881.144254
880.878718
882.881822
886.464030
883.464574
883.816478
882.111902
883.392126
881.103070
880.918366
879.522558
881.721086
880.817630
880.106974
883.238334
882.267870
881.148894
879.678046
880.719710
881.477022
