5.924736
5.921408
5.924960
5.923936
5.927936
5.924928
5.924096
5.926912
5.924128
5.918912
5.921504
5.924096
5.926912
5.927200
5.923872
5.925280
5.921120
5.919936
5.919776
5.922144
5.930592
5.927072
5.926176
5.922752
5.925472
5.924096
5.926176
5.921952
5.924768
5.922336
5.924864
5.926528
5.926528
5.926944
5.919904
5.920704
5.927328
5.925088
5.927232
5.927264
5.927168
5.921504
5.922816
5.924352
5.924064
5.922048
5.928064
5.928224
5.921824
5.921984
5.924640
5.921632
5.929344
5.924992
5.924096
5.924384
5.928192
5.927424
5.921216
5.923936
5.919200
5.920960
5.923648
5.925888
5.925312
5.921728
5.921792
5.922368
5.918048
5.922624
5.925888
5.923552
5.922368
5.923168
5.926528
5.928000
5.923072
5.920256
5.922304
5.923456
5.926400
5.921280
5.919904
5.923680
5.929120
5.921760
5.924032
5.920192
5.929856
5.920640
5.921952
5.922368
5.921152
5.922880
5.925152
5.923232
5.920768
5.928128
5.926208
5.921760
5.922240
5.928064
5.929504
5.925376
5.922048
5.927264
5.926656
5.926016
5.921248
5.926560
5.923520
5.923680
5.925088
5.921536
5.915808
5.924256
5.922624
5.920256
5.920896
5.929056
5.926688
5.922880
5.918656
5.919776
5.919808
5.919488
5.923296
5.922976
5.920448
5.927744
5.922816
5.925984
5.923072
5.924736
5.919072
5.923808
5.921696
5.921088
5.918784
5.925024
5.923520
5.923680
5.926112
5.919232
5.924064
5.928096
5.921760
5.923936
5.923328
5.923872
5.927232
5.921888
5.927872
5.924768
5.924320
5.921248
5.914528
5.923904
5.922368
5.924896
5.924704
5.926400
5.921824
5.921120
5.930432
5.922176
5.919648
5.922432
5.924672
5.920896
5.922944
5.919040
5.924320
5.920384
5.926304
5.919968
5.922592
5.926336
5.925824
5.920960
5.920224
5.921408
5.918720
5.921632
5.921952
5.926304
5.924832
5.924448
5.928928
5.924320
5.924768
5.923488
5.923136
5.922656
5.926944
5.923552
5.924608
5.925248
5.920448
5.920544
5.921920
5.928256
5.925696
5.926112
5.923392
5.922944
5.918624
5.921568
5.924928
5.928320
5.922656
5.924512
5.923488
5.922048
5.922496
5.923424
5.927744
5.925824
5.917120
5.925536
5.923200
5.928736
5.927552
5.928160
5.924192
5.929504
5.925408
5.920192
5.922080
5.927616
5.925664
5.924992
5.926592
5.915520
5.926432
5.924736
5.931904
5.924256
5.924384
5.921888
5.927232
5.924224
5.923232
5.919840
5.923744
5.927520
5.925472
5.926848
5.925248
5.927136
5.925376
5.925216
5.921792
5.922688
5.921408
5.924352
5.928864
5.921088
5.927936
5.920448
5.928224
5.924128
5.918240
5.928960
5.928416
5.930688
5.923392
5.927680
5.925984
5.920928
5.924064
5.926272
5.919680
5.922688
5.920672
5.920608
5.922176
5.927136
5.924064
5.929312
5.926304
5.923008
5.920128
5.924448
5.923008
5.923392
5.923552
5.927168
5.920064
5.923904
5.925408
5.923808
5.919360
5.928576
5.925312
5.927072
5.922752
5.924448
5.924704
5.924992
5.922240
5.926176
5.924544
5.927520
5.917344
5.917248
5.925152
5.923296
5.923840
5.924480
5.923200
5.923648
5.925376
5.920256
5.924032
5.921440
5.922016
5.922784
5.925440
5.926912
5.925856
5.922272
5.920928
5.921984
5.923072
5.926368
5.920256
5.924800
5.930080
5.918752
5.927488
5.920672
5.924000
5.921760
5.924896
5.921984
5.927232
5.927872
5.916608
5.924704
5.922176
5.920288
5.929120
5.924992
5.923968
5.923680
5.921952
5.926400
5.921568
5.925696
5.923328
5.920000
5.926560
5.923328
5.924384
5.921632
5.927936
5.923104
5.920704
5.926144
5.921344
5.922176
5.927872
5.922656
5.924000
5.926432
5.930112
5.924480
5.922016
5.927904
5.926592
5.927776
5.927648
5.924640
5.923520
5.925120
5.926880
5.917920
5.922880
5.923008
5.926496
5.920416
5.918720
5.922720
5.926976
5.925664
5.920192
5.923424
5.924928
5.928736
5.926176
5.920896
5.929024
5.921184
5.917632
5.925248
5.984256
5.924064
5.924928
5.923424
5.927072
5.923392
5.924224
5.924576
5.919168
5.919360
5.926272
5.922624
5.920128
5.930944
5.923680
5.921760
5.918240
5.922976
5.926688
5.923520
5.928928
5.928960
5.928288
5.928224
5.922624
5.923168
5.923520
5.922752
5.922144
5.923616
5.925216
5.921856
5.918624
5.924416
5.921088
5.924704
5.926176
5.924864
5.921312
5.926848
5.920768
5.929856
5.924224
5.928832
5.918752
5.923808
5.928416
5.921664
5.928448
5.922080
5.923936
5.925600
5.925664
5.917856
5.919808
5.919392
5.924288
5.923168
5.928576
5.921312
5.925920
5.925184
5.922368
5.925696
5.926240
5.923808
5.922944
5.926560
5.924992
5.919648
5.928576
5.926080
5.926208
5.923168
5.921888
5.923264
5.924864
5.927040
5.924320
5.921984
5.927232
5.927040
5.924128
5.922496
5.922048
5.925248
5.925344
5.922016
5.920288
5.919808
5.918848
5.920992
5.926016
5.922688
5.924960
5.920896
5.923232
5.922528
5.924256
5.914400
5.920768
5.923520
5.923904
5.921088
5.920928
5.924864
5.934688
5.923200
5.927328
5.926880
5.921664
5.918496
5.925056
5.921184
5.923680
5.925248
5.920128
5.924768
5.923968
5.925280
5.925920
5.925280
5.920288
5.923168
5.925408
5.925152
5.922304
5.925056
5.926656
5.924480
5.926240
5.917056
5.922784
5.924608
5.926720
5.922752
5.923648
5.925952
5.919296
5.927264
5.921824
5.927680
5.919264
5.923360
5.923552
5.927200
5.920096
5.917056
5.922752
5.927552
5.920416
5.924928
5.925088
5.921280
5.923552
5.921952
5.924512
5.925472
5.923136
5.924288
5.922336
5.925504
5.926304
5.919904
5.925984
5.920672
5.921088
5.916672
5.921248
5.923232
5.922208
5.927008
5.925088
5.925280
5.922336
5.919520
5.921440
5.918720
5.923008
5.921888
5.918176
5.925856
5.922336
5.923936
5.921856
5.927456
5.926432
5.919680
5.923904
5.923648
5.923904
5.926688
5.925408
5.922144
5.926112
5.922400
5.922560
5.924832
5.920224
5.922752
5.924448
5.923488
5.921184
5.925312
5.923680
5.923936
5.922496
5.925152
5.925728
5.922240
5.929024
5.924928
5.919968
5.926016
5.919552
5.924672
5.925120
5.925088
5.927264
5.919264
5.921600
5.923680
5.925408
5.924800
5.923392
5.919904
5.923904
5.926528
5.926176
5.925216
5.924224
5.924160
5.924352
5.924864
5.921536
5.922752
5.921984
5.915712
5.918144
5.923904
5.916768
5.920960
5.925536
5.920064
5.922304
5.922112
5.926016
5.924416
5.923712
5.921920
5.920480
5.923360
5.925792
5.921024
5.919968
5.921824
5.926912
5.927520
5.922784
5.925568
5.922656
5.929184
5.921792
5.925664
5.927456
5.928192
5.923680
5.922784
5.921440
5.921408
5.926944
5.928672
5.923040
5.928928
5.922240
5.920896
5.928160
5.927072
5.922560
5.929728
5.921216
5.922752
5.923808
5.923648
5.925248
5.923872
5.919520
5.922112
5.924512
5.925440
5.925120
5.925344
5.923968
5.922432
5.923424
5.924128
5.919680
5.926816
5.919232
5.919808
5.918976
5.921536
5.924032
5.922208
5.919136
5.922880
5.917600
5.924608
5.923680
5.918336
5.924160
5.923072
5.920032
5.921216
5.919552
5.921376
5.924096
5.928928
5.921984
5.925952
5.923424
5.923008
5.921856
5.920448
5.923680
5.918944
5.923328
5.925952
5.924672
5.925088
5.924064
5.924800
5.921376
5.921408
5.923616
5.920032
5.925696
5.926624
5.919808
5.927744
5.925856
5.923904
5.925664
5.923296
5.925248
5.923264
5.924768
5.923552
5.926272
5.925088
5.922080
5.928000
5.926400
5.926624
5.924800
5.926688
5.918880
5.926208
5.925504
5.926304
5.920096
5.920416
5.921728
5.923104
5.922624
5.926592
5.931008
5.922304
5.919392
5.921248
5.922848
5.927008
5.924960
5.924384
5.921984
5.923712
5.921312
5.920608
5.924288
5.924672
5.922528
5.930560
5.927744
5.920160
5.927264
5.922592
5.922592
5.924288
5.923808
5.925120
5.924416
5.916128
5.919424
5.918784
5.924544
5.925184
5.919840
5.924480
5.923712
5.922624
5.924320
5.927072
5.922528
5.922048
5.927264
5.928832
5.923296
5.924960
5.926240
5.920384
5.928128
5.922240
5.927840
5.926080
5.924480
5.927520
5.928896
5.927872
5.922560
5.918112
5.921344
5.924096
5.926240
5.916160
5.924064
5.923584
5.926368
5.925728
5.922208
5.921856
5.925056
5.922784
5.918368
5.927584
5.925728
5.925920
5.925504
5.924640
5.926112
5.922304
5.923744
5.922560
5.926880
5.924480
5.928768
5.924576
5.923264
5.927328
5.928416
5.921280
5.925856
5.923456
5.922464
5.922656
5.926464
5.924928
5.925696
5.927776
5.920992
5.927328
5.927712
5.925728
5.919392
5.927648
5.920288
5.922848
5.924000
5.921696
5.925664
5.922944
5.922016
5.920960
5.929664
5.920992
5.921824
5.926176
5.922624
5.923392
5.923552
5.919552
5.924960
5.922016
5.922624
5.920192
5.928448
5.930848
5.924416
5.925792
5.924960
5.921376
5.925728
5.920576
5.923936
5.926752
5.921888
5.920864
5.920224
5.929184
5.924640
5.921056
5.924832
5.920000
5.924384
5.923328
5.927584
5.923776
5.921600
5.924576
5.920576
5.924640
5.927456
5.924928
5.924064
5.923712
5.930304
5.925152
5.923744
5.925472
5.925376
5.925312
5.925440
5.919968
5.926784
5.925088
5.921632
5.923616
5.923584
5.919616
5.922400
5.921152
5.922368
5.923136
5.922496
5.930528
5.918560
5.925152
5.926176
5.924832
5.922592
5.922336
5.923712
5.922848
5.924160
5.923136
5.923936
5.920352
5.924224
5.925728
5.919776
5.926624
5.927904
5.923648
5.924416
5.923424
5.928224
5.924800
5.924896
5.924896
5.928928
5.919488
5.925920
5.923168
5.924352
5.923168
5.921056
5.923424
5.921568
5.926816
5.922720
5.922560
5.922656
5.931840
5.922912
5.924224
5.922112
5.921216
5.922752
5.921888
5.929088
5.924448
5.922016
5.922656
5.923040
5.923936
5.925952
5.919328
5.928352
5.923744
5.923904
5.917280
5.921792
5.922304
5.923296
5.923488
5.922752
5.924096
5.920768
5.927104
5.924512
5.929952
5.926368
5.923904
5.925568
5.925760
5.927296
5.924992
5.920320
5.929952
5.924736
5.922624
5.924032
5.921792
5.922272
5.923808
5.921376
5.923968
5.923424
5.926656
5.928512
5.922880
5.925536
5.923616
5.927072
5.928640
5.920000
5.918720
5.923552
5.927008
5.926336
5.927104
5.924288
5.926816
5.926976
5.921856
5.926592
5.926592
5.923968
5.923872
5.923680
5.920736
5.923424
5.918688
5.926464
5.922528
5.924928
5.925536
5.925216
5.922336
5.922656
5.925504
5.922592
5.920512
5.925696
5.923968
5.919648
5.928352
5.923968
5.919744
5.923104
5.925056
5.922688
5.922144
5.920672
5.921248
5.925696
5.921120
5.923168
5.923520
5.926016
5.923584
5.925632
5.925664
5.918976
5.929504
5.922848
5.921632
5.918176
5.927328
5.922016
5.921056
5.926432
5.920384
5.925024
5.919680
5.924800
5.923360
5.923840
5.917312
5.928128
5.922656
5.927712
5.919424
5.922080
5.926784
5.919808
5.921792
5.924704
5.921568
5.920704
5.923200
5.921408
5.928192
5.921504
5.924512
5.927232
5.923168
5.923488
5.919936
5.926432
5.922208
5.920288
5.927456
5.921664
5.921120
5.923616
5.918656
5.925600
5.924352
5.920320
5.921120
5.921888
5.922944
5.917280
5.924960
5.920416
5.922912
5.921952
5.926752
5.927776
5.925216
5.924128
5.923264
5.924032
5.924256
5.926912
5.922240
5.926688
5.921760
5.923776
5.922528
5.924736
5.918880
5.922592
5.923776
5.920960
5.924832
5.925376
5.922944
5.927648
5.924608
5.925408
5.919104
5.925504
5.921120
5.924864
5.929696
5.925024
5.921344
5.925408
5.931072
5.920736
5.923168
5.921408
5.922240
5.923136
5.928448
5.922240
5.924288
5.924736
5.922784
5.926112
5.923712
5.922592
5.925792
5.923168
5.923008
5.924320
5.919712
5.926848
5.924160
5.924832
5.917280
5.927456
5.922144
5.925856
5.924352
5.924256
5.924352
5.926496
5.925216
5.925376
5.922144
5.921056
5.925952
5.926528
5.918624
5.917056
5.926336
5.926400
5.919008
5.921952
5.921024
5.924160
5.920288
5.926112
5.926816
5.921504
5.921376
5.921984
5.921536
5.919648
5.925504
5.920544
5.920224
5.925152
5.925728
5.924352
5.918368
5.924800
5.922912
5.920000
5.924384
5.920800
5.927552
5.926912
5.923552
5.921600
5.924800
5.923040
5.922112
5.920704
5.924800
5.922144
5.921440
5.922784
5.924160
5.916736
5.922912
5.922240
5.923712
5.924416
5.920864
5.924480
5.923552
5.922848
5.924576
5.924544
5.925472
5.920800
5.922624
5.924128
5.922880
5.917056
5.920160
5.927456
5.921440
5.918080
5.922016
5.921376
5.922400
5.920128
5.926080
5.926080
5.922816
5.925632
5.922624
5.923904
5.924160
5.925728
5.919808
5.928608
5.922592
5.922880
5.926624
5.925216
5.925120
5.921984
5.927840
5.930752
5.920704
5.924640
5.923168
5.925984
5.918400
5.925056
5.918080
5.920704
5.921824
5.922464
5.920704
5.922112
5.923392
5.919296
5.926272
5.921472
5.922464
5.924224
5.916160
5.925632
5.924256
5.925056
5.927872
5.926080
5.923424
5.928608
5.922880
5.920512
5.921600
5.924416
5.924736
5.921600
5.923872
5.919552
5.921760
5.924096
5.920864
5.928480
5.924992
5.924672
5.926880
5.927008
5.921664
5.920928
5.920128
5.921632
5.923424
5.926112
5.926592
5.922560
5.924512
5.927808
5.923296
5.918912
5.925440
5.922112
5.929600
5.918464
5.921632
5.924160
5.920640
5.923840
5.922880
5.925408
5.926592
5.923360
5.919488
5.923680
5.918720
5.925984
5.925504
5.923008
5.922688
5.925280
5.923232
5.926304
5.925088
5.926752
5.923552
5.919872
5.924832
5.921344
5.923712
5.924064
5.920544
5.920384
5.924576
5.925664
5.926784
5.923616
5.920992
5.920256
5.923648
5.920608
5.985568
5.920064
5.925184
5.926560
5.920992
5.929472
5.924736
5.922944
5.922848
5.919424
5.921792
5.923104
5.917728
5.922688
5.921728
5.922272
5.925696
5.920416
5.923264
5.923264
5.925536
5.922336
5.926336
5.919712
5.923392
5.923264
5.922944
5.924704
5.915776
5.925344
5.918432
5.922912
5.923008
5.927104
5.924864
5.923520
5.922112
5.924352
5.920000
5.925312
5.921344
5.920640
5.921664
5.921536
5.921472
5.928032
5.925312
5.921728
5.917728
5.923296
5.924320
5.924224
5.924832
5.925184
5.924544
5.922176
5.920512
5.922016
5.921664
5.921536
5.925984
5.923520
5.923680
5.932096
5.924224
5.925984
5.924224
5.921056
5.925408
5.926816
5.926752
5.916832
5.921280
5.920224
5.923520
5.924800
5.923264
5.924576
5.925504
5.925504
5.928832
5.920960
5.920224
5.926016
5.926144
5.920352
5.923872
5.929120
5.925152
5.920256
5.927456
5.924416
5.928544
5.925728
5.923776
5.922400
5.920224
5.923680
5.926496
5.922848
5.921536
5.922464
5.922528
5.927840
5.929120
5.928544
5.923808
5.920992
5.924608
5.922688
5.921536
5.925472
5.922496
5.929984
5.917152
5.923328
5.922816
5.919872
5.925664
5.920384
5.923296
5.922976
5.930816
5.925888
5.926208
5.923264
5.924032
5.921280
5.919584
5.926336
5.925728
5.918688
5.918304
5.924864
5.926336
5.924416
5.921088
5.922880
5.923808
5.925376
5.923616
5.921120
5.928000
5.923840
5.922848
5.926880
5.920832
5.923296
5.927904
5.925248
5.921504
5.924352
5.922016
5.922976
5.925792
5.924640
5.922816
5.924288
5.926176
5.920576
5.922496
5.927424
5.920768
5.923008
5.922560
5.928320
5.919168
5.927904
5.929408
5.918688
5.922368
5.927200
5.923456
5.921952
5.926464
5.929216
5.924512
5.928256
5.922112
5.925536
5.921376
5.923712
5.928800
5.924480
5.919968
5.924992
5.922688
5.924768
5.927680
5.925792
5.920864
5.926144
5.926880
5.917696
5.926560
5.923680
5.924992
5.927744
5.922784
5.923712
5.923520
5.921920
5.918880
5.924192
5.921728
5.924096
5.924128
5.922112
5.917760
5.922144
5.923136
5.921312
5.921888
5.925984
5.926112
5.921440
5.925408
5.917312
5.922816
5.920288
5.923936
5.922176
5.985728
5.926272
5.924640
5.924704
5.922016
5.919744
5.923680
5.921920
5.918272
5.924032
5.923904
5.924544
5.922144
5.922368
5.925952
5.925376
5.922432
5.924704
5.924736
5.925120
5.924192
5.922112
5.925888
5.917696
5.923104
5.923424
5.929184
5.923808
5.920448
5.922784
5.922912
5.922496
5.922880
5.926912
5.925024
5.923104
5.922720
5.926336
5.924064
5.920192
5.923808
5.922368
5.924512
5.926144
5.923072
5.925248
5.924256
5.921824
5.926880
5.921536
5.924832
5.923136
5.923584
5.923968
5.922144
5.927008
5.925856
5.921216
5.922848
5.924096
5.922432
5.917664
5.921472
5.926560
5.927712
5.923008
5.924544
5.926656
5.923584
5.927552
5.927296
5.923904
5.926272
5.925216
5.921760
5.927040
5.924544
5.926720
5.923200
5.928160
5.921344
5.924096
5.926112
5.924576
5.927456
5.925632
5.925632
5.924256
5.923552
5.922592
5.924928
5.926016
5.924864
5.928416
5.925152
5.923584
5.925120
5.921312
5.924576
5.922720
5.922848
5.926464
5.930720
5.924480
5.924992
5.925120
5.921568
5.926656
5.926912
5.922624
5.928480
5.925984
5.924832
5.919872
5.923104
5.926400
5.922848
5.929280
5.926624
5.923040
5.928128
5.924128
5.925344
5.923808
5.921728
5.925024
5.923008
5.923744
5.928928
5.927552
5.928128
5.926176
5.922624
5.924896
5.923360
5.921056
5.926592
5.926720
5.929376
5.924192
5.928448
5.922656
5.921984
5.922048
5.923872
5.923200
5.928128
5.924480
5.920320
5.925728
5.921216
5.921824
5.923104
5.922272
5.922112
5.921440
5.920000
5.924064
5.921472
5.922528
5.929824
5.925312
5.925920
5.926752
5.920128
5.930464
5.923072
5.918368
5.921984
5.922880
5.924096
5.919552
5.928864
5.923872
5.925056
5.920064
5.925440
5.925536
5.922176
5.925408
5.921344
5.923776
5.925472
5.924192
5.926240
5.925920
5.919168
5.923360
5.929824
5.923392
5.925056
5.921216
5.925024
5.921088
5.923040
5.920320
5.923104
5.919872
5.926432
5.925408
5.923168
5.925344
5.925664
5.920608
5.926304
5.926272
5.927968
5.925856
5.926848
5.924736
5.928096
5.925920
5.926560
5.926432
5.924160
5.923680
5.927680
5.926304
5.921312
5.923136
5.922208
5.922528
5.922848
5.919744
5.921024
5.919136
5.920608
5.926592
5.919104
5.923232
5.922304
5.921472
5.917056
5.926176
5.924704
5.921824
5.927328
5.928320
5.926688
5.923200
5.927008
5.927328
5.918464
5.925024
5.926976
5.925216
5.922464
5.927808
5.927104
5.926304
5.926912
5.924384
5.932896
5.925984
5.926112
5.925216
5.924000
5.924288
5.926400
5.926016
5.921536
5.923264
5.923232
5.923616
5.921312
5.919392
5.927424
5.928096
5.926816
5.918368
5.924768
5.922464
5.918272
5.925472
5.922048
5.925216
5.922848
5.918784
5.922176
5.923296
5.926400
5.922624
5.918560
5.917472
5.924800
5.926976
5.923744
5.926272
5.930496
5.927360
5.925984
5.918656
5.925056
5.924512
5.921504
5.921184
5.924320
5.921056
5.918944
5.920992
5.923744
5.926080
5.928544
5.926304
5.922176
5.923168
5.928832
5.923008
5.919456
5.923776
5.925312
5.925504
5.922496
5.924736
5.921504
5.919104
5.923808
5.924160
5.928416
5.920288
5.927680
5.928800
5.929440
5.922272
5.925280
5.925344
5.926048
5.926720
5.926528
5.921600
5.925888
5.925056
5.929600
5.924480
5.925408
5.923104
5.926304
5.928128
5.917344
5.924544
5.929152
5.922656
5.924672
5.923648
5.922432
5.926496
5.925728
5.925920
5.918720
5.927936
5.921248
5.924064
5.926272
5.920768
5.926048
5.924832
5.924320
5.925632
5.926112
5.923360
5.925312
5.930464
5.925824
5.920928
5.925920
5.928864
5.924800
5.918528
5.921600
5.920960
5.927808
5.919200
5.931680
5.923200
5.923808
5.923552
5.927232
5.923680
5.924800
5.922080
5.924224
5.924768
5.922752
5.918560
5.921120
5.924512
5.927456
5.921984
5.925376
5.925184
5.925696
5.919552
5.923424
5.922976
5.925024
5.920992
5.925024
5.924736
5.922944
5.924032
5.920288
5.922848
5.925888
5.922464
5.922112
5.924064
5.921184
5.919808
5.919904
5.925888
5.923232
5.922720
5.923488
5.920576
5.925312
5.923168
5.920256
5.922368
5.924960
5.919552
5.926752
5.922912
5.926016
5.924096
5.921184
5.920352
5.929152
5.924928
5.918528
5.924064
5.922080
5.924416
5.930112
5.921984
5.926048
5.922112
5.925344
5.923136
5.929376
5.925824
5.926784
5.920320
5.920768
5.921792
5.917024
5.922208
5.922304
5.929216
5.925184
5.923264
5.924928
5.924288
5.920864
5.921344
5.923424
5.925824
5.920064
5.924032
5.924224
5.922048
5.921792
5.922432
5.922592
5.921632
5.925280
5.924160
5.925632
5.925760
5.923072
5.925728
5.923552
5.922528
5.922048
5.919168
5.924960
5.925152
5.928160
5.925920
5.922208
5.920544
5.924064
5.917952
5.917952
5.917920
5.927136
5.924608
5.925792
5.920704
5.923424
5.920128
5.927232
5.922464
5.922784
5.923680
5.926880
5.923200
5.923872
5.924992
5.926784
5.922880
5.925472
5.917216
5.919680
5.925024
5.926784
5.922144
5.922976
5.923264
5.923648
5.918560
5.921952
5.925280
5.923840
5.923296
5.922848
5.930432
5.918528
5.922816
5.925344
5.923040
5.922016
5.920416
5.927488
5.924608
5.924256
5.922368
5.921760
5.925920
5.920256
5.928960
5.924384
5.921120
5.921984
5.920768
5.925824
5.923520
5.925056
5.927648
5.930912
5.921760
5.918720
5.926464
5.919904
5.918016
5.921760
5.924736
5.924096
5.923520
5.922144
5.922656
5.923264
5.928352
5.923936
5.923936
5.920416
5.927456
5.926528
5.922080
5.924320
5.918144
5.927136
5.922208
5.922656
5.926304
5.923264
5.921632
5.919584
5.924352
5.920736
5.927008
5.925088
5.919264
5.926912
5.922464
5.922016
5.920640
5.923168
5.916960
5.923968
5.926400
5.923936
5.921088
5.924960
5.928416
5.925536
5.922880
5.916032
5.920704
5.919392
5.927936
5.926208
5.927136
5.923360
5.921888
5.923360
5.921728
5.923968
5.922016
5.920000
5.922944
5.919040
5.928064
5.920992
5.925408
5.922304
5.924448
5.920768
5.925536
5.918560
5.925760
5.926656
5.924768
5.925888
5.923648
5.924768
5.924160
5.922368
5.921920
5.923552
5.925440
5.925472
5.928096
5.921184
5.921856
5.922496
5.926752
5.920544
5.921792
5.921920
5.924512
5.926176
5.922784
5.922016
5.918624
5.922304
5.924352
5.928224
5.925792
5.922752
5.920064
5.922784
5.924960
5.926400
5.924032
5.925984
5.924384
5.925760
5.920768
5.924416
5.923808
5.928800
5.924768
5.928768
5.921696
5.921760
5.928384
5.919808
5.921984
5.927232
5.925344
5.924032
5.922304
5.924384
5.922688
5.927136
5.922752
5.922752
5.921504
5.916448
5.926944
5.919776
5.915840
5.927552
5.922080
5.924896
5.922368
5.922944
5.926624
5.921984
5.924800
5.926432
5.926816
5.923936
5.924384
5.923776
5.919040
5.926080
5.923520
5.922720
5.925472
5.920128
5.919488
5.917376
5.921088
5.925760
5.923296
5.925472
5.923552
5.925728
5.927072
5.926368
5.916096
5.917376
5.926688
5.925184
5.922080
5.919744
5.924512
5.923168
5.925536
5.926880
5.925088
5.923520
5.921696
5.922752
5.922592
5.923232
5.923456
5.922912
5.924064
5.924896
5.922080
5.922304
5.924992
5.924096
5.924384
5.922560
5.920960
5.923904
5.924832
5.926208
5.921984
5.927136
5.920960
5.925568
5.927328
5.924096
5.926080
5.928512
5.920000
5.927808
5.922688
5.924064
5.923776
5.918688
5.924448
5.926400
5.925376
5.919104
5.926976
5.920832
5.922752
5.927200
5.923968
5.925536
5.927008
5.922624
5.922624
5.920352
5.926080
5.921728
5.922432
5.918304
5.923872
5.922624
5.922912
5.929568
5.923040
5.920512
5.926208
5.924224
5.920544
5.926816
5.924320
5.925088
5.920032
5.925120
5.922336
5.928000
5.921312
5.920800
5.929344
5.924512
5.923040
5.924928
5.920416
5.920576
5.925120
5.925472
5.928096
5.916096
5.923520
5.922368
5.928672
5.926880
5.924192
5.926144
5.922848
5.924608
5.927072
5.925568
5.919392
5.926656
5.922016
5.926944
5.921472
5.921312
5.926944
5.925312
5.927200
5.921344
5.927232
5.925792
5.923232
5.922272
5.924608
5.924672
5.921248
5.923648
5.925920
5.925600
5.919616
5.919968
5.923872
5.924576
5.926272
5.925568
5.924320
5.917568
5.926720
5.921984
5.921792
5.926304
5.923712
5.920672
5.920576
5.927680
5.924544
5.923008
5.924960
5.923424
5.919808
5.925280
5.919136
5.925792
5.923296
5.919328
5.922720
5.919360
5.924832
5.928288
5.923392
5.922272
5.924064
5.932000
5.924128
5.921120
5.922464
5.919648
5.926272
5.921888
5.925152
5.925952
5.921024
5.925120
5.924512
5.926336
5.924320
5.926336
5.920512
5.923872
5.923936
5.921216
5.925696
5.924736
5.923360
5.924224
5.919072
5.920416
5.923104
5.925184
5.922592
5.925664
5.929120
5.918656
5.920128
5.923104
5.926304
5.922944
5.927264
5.917440
5.923392
5.929216
5.923104
5.921440
5.925216
5.920288
5.928512
5.923200
5.921472
5.929376
5.919968
5.928640
5.920832
5.924832
5.923456
5.919648
5.922528
5.924640
5.921632
5.921216
5.925408
5.921856
5.925056
5.922592
5.920832
5.921888
5.925152
5.988928
5.924448
5.925312
5.921568
5.923136
5.922976
5.924256
5.924064
5.925120
5.925792
5.926624
5.922944
5.921856
5.920032
5.925664
5.922816
5.921568
5.922400
5.923456
5.928096
5.929952
5.922208
5.925408
5.926752
5.919680
5.921888
5.983680
5.924064
5.926048
5.927392
5.920896
5.925344
5.923680
5.920288
5.925376
5.917600
5.922880
5.923008
5.920896
5.928224
5.924672
5.920384
5.923488
5.920256
5.917920
5.927936
5.922400
5.924832
5.922880
5.923168
5.928736
5.919104
5.924032
5.923264
5.922528
5.921856
5.923136
5.923136
5.924896
5.925888
5.921440
5.917984
5.929888
5.923520
5.925120
5.922240
5.924032
5.922720
5.924512
5.923808
5.918208
5.923296
5.931104
5.922688
5.921184
5.922176
5.923232
5.921152
5.922240
5.922848
5.925440
5.919392
5.927808
5.928576
5.923488
5.925024
5.924000
5.924672
5.922848
5.929632
5.919520
5.927264
5.926624
5.923136
5.920800
5.921184
5.925440
5.925632
5.921312
5.922848
5.923200
5.920128
5.924960
5.926048
5.922592
5.926624
5.921248
5.923008
5.922720
5.926080
5.919488
5.924608
5.924128
5.924320
5.925408
5.922720
5.927008
5.929504
5.921856
5.926816
5.920928
5.930112
5.921920
5.928800
5.927360
5.924064
5.924000
5.920576
5.917632
5.925056
5.924096
5.926560
5.921920
5.919424
5.928480
5.926048
5.918432
5.922144
5.922816
5.924736
5.926688
5.922784
5.925856
5.926688
5.920896
5.923328
5.923584
5.922144
5.923296
5.925600
5.923072
5.921280
5.928800
5.922752
5.921440
5.924096
5.926272
5.923296
5.925728
5.921856
5.922720
5.923168
5.925152
5.924256
5.924800
5.923680
5.923520
5.923264
5.922304
5.919168
5.926176
5.923072
5.923616
5.926592
5.926080
5.922176
5.924160
5.927360
5.924352
5.921856
5.923328
5.924480
5.924896
5.925248
5.924768
5.922304
5.925056
5.923552
5.919136
5.921824
5.925952
5.924768
5.922720
5.920128
5.922848
5.924064
5.922048
5.922528
5.921408
5.926560
5.921280
5.922464
5.923328
5.922016
5.925216
5.922240
5.923584
5.922560
5.925824
5.924352
5.921856
5.922464
5.925216
5.923904
5.929440
5.923040
5.922560
5.918848
5.925568
5.921856
5.921504
5.924096
5.918816
5.926528
5.917824
5.917536
5.926496
5.924960
5.921952
5.924864
5.925312
5.921120
5.919616
5.922752
5.924064
5.918784
5.925792
5.924160
5.923424
5.923520
5.922432
5.924960
5.923680
5.922560
5.923200
5.920288
5.923008
5.923904
5.926112
5.925632
5.918336
5.919200
5.924544
5.920576
5.923648
5.925312
5.919904
5.922336
5.922304
5.923296
5.923904
5.924096
5.923712
5.924544
5.924672
5.923264
5.921152
5.921440
5.923712
5.925280
5.927360
5.920448
5.920960
5.922048
5.924800
5.924352
5.924096
5.918624
5.923808
5.928256
5.927232
5.928192
5.925344
5.919712
5.925952
5.926752
5.923424
5.922304
5.922752
5.921312
5.924032
5.919584
5.923776
5.920928
5.928256
5.920224
5.920768
5.923936
5.920000
5.925664
5.922688
5.921376
5.914592
5.931296
5.926048
5.926496
5.919552
5.922400
5.921728
5.916992
5.925088
5.924512
5.925536
5.922368
5.924480
5.923616
5.921440
5.925120
5.928224
5.922752
5.925536
5.923520
5.932192
5.921312
5.923520
5.921600
5.922528
5.919776
5.925856
5.924288
5.920768
5.924864
5.921984
5.923520
5.923680
5.923328
5.924864
5.924000
5.928224
5.920768
5.924256
5.923264
5.921856
5.924992
5.921408
5.924768
5.920960
5.920672
5.923392
5.928480
5.926112
5.926976
5.922464
5.924000
5.920544
5.921472
5.922816
5.922112
5.924896
5.927680
5.926048
5.924160
5.918464
5.923712
5.924128
5.926880
5.921408
5.924384
5.925600
5.921536
5.923968
5.922528
5.924832
5.925216
5.924512
5.922784
5.925760
5.924352
5.919616
5.925056
5.919648
5.926656
5.922848
5.924192
5.919232
5.923968
5.923808
5.920800
5.924128
5.921088
5.923584
5.921664
5.921408
5.925568
5.916320
5.925568
5.927232
5.920608
5.927648
5.925888
5.929824
5.922912
5.921792
5.924288
5.922848
5.927104
5.927552
5.921536
5.918208
5.926624
5.925568
5.925824
5.919840
5.929216
5.928416
5.923072
5.923808
5.922432
5.925760
5.941888
5.924640
5.923616
5.924192
5.930816
5.924832
5.923872
5.924800
5.926528
5.925120
5.922176
5.922944
5.926880
5.920192
5.924128
5.924864
5.923872
5.925184
5.920800
5.925120
5.922144
5.921440
5.928736
5.919296
5.923072
5.918656
5.921600
5.923328
5.921632
5.922336
5.923744
5.924640
5.923680
5.929344
5.924032
5.919616
5.922720
5.922016
5.925792
5.920512
5.918016
5.924256
5.917792
5.925888
5.923968
5.929440
5.921664
5.919488
5.922368
5.926304
5.921504
5.927264
5.925344
5.925728
5.923936
5.922624
5.922048
5.928128
5.924768
5.921984
5.919936
5.923264
5.921248
5.920512
5.925120
5.918880
5.923488
5.920000
5.925888
5.920160
5.921760
5.925504
