50.551360
50.772640
56.275104
51.570496
49.206432
50.533024
50.368544
52.448672
50.403456
53.156224
52.116000
51.160768
54.365632
52.138176
51.636800
49.881312
49.380096
56.464896
56.044384
53.644480
51.359744
52.313824
52.243648
54.368032
53.661440
56.491936
55.939616
56.314496
51.726240
49.914112
51.888800
50.137344
52.217728
53.118944
55.093216
54.035968
51.291168
49.005696
50.961824
52.418816
51.162656
49.480032
48.174048
53.118464
51.023680
51.585152
49.478400
50.300672
51.180992
52.078496
54.406464
56.137632
54.379264
52.770464
57.338976
51.650464
52.397760
56.385696
49.694528
55.531360
51.825888
56.012160
53.999040
51.920192
55.634400
50.925184
56.224320
50.582080
53.485728
52.123040
49.856384
50.772640
55.770048
51.774656
56.027168
51.760928
51.938880
51.485024
51.758816
51.088480
56.053632
50.322112
52.549440
55.648128
51.266240
51.623232
49.804512
55.206304
53.302336
51.668640
52.289984
50.843200
53.367392
52.587936
50.167264
55.679040
55.812640
50.574560
55.441792
56.221632
51.977280
50.564320
50.480288
55.894752
56.254496
55.641184
48.925088
52.069824
57.566368
50.844064
51.759040
52.562592
51.070400
51.691200
49.568608
49.681920
54.385728
53.418560
50.526784
51.779616
56.025600
55.737312
56.239648
51.513344
51.122592
52.643808
50.439584
48.476256
50.638496
51.126560
51.431008
53.494560
50.375648
52.031936
49.378752
48.771648
49.437472
51.277824
52.177952
52.713056
50.839392
49.729920
52.756288
52.535616
51.616288
53.644288
53.097312
50.471104
55.864320
51.308768
53.509472
51.027328
49.857024
51.806880
54.203296
51.256960
53.619264
48.437120
50.615232
52.890048
56.726880
50.847648
53.764640
51.479968
54.485920
49.752256
49.184288
55.266496
50.029824
53.246720
50.914304
51.951680
54.677216
54.991840
54.656896
51.867552
54.521504
51.625920
52.140000
48.445248
50.611424
50.244064
53.708640
50.289568
49.557440
50.661408
52.831712
53.681824
51.622976
49.629408
49.229792
50.892448
50.425024
50.690848
52.494112
52.170016
51.399936
52.115712
49.282496
59.041568
50.608096
49.827840
52.056640
53.438944
50.961920
53.304768
51.087808
53.058656
52.207968
49.604928
53.067456
52.256544
51.252992
52.575808
52.221856
51.284192
48.755200
51.658688
52.151648
49.025440
51.033440
50.455680
51.051904
50.473152
53.856800
51.470720
50.872000
52.364064
52.782208
53.570592
56.719744
51.663264
49.133888
48.826752
52.279584
53.136320
52.447872
51.693792
50.915680
50.521088
52.423712
52.285376
50.153248
50.854496
49.017888
50.960416
53.002816
51.969664
52.169728
52.458688
49.765472
48.623136
52.311776
50.667424
53.670848
51.476320
47.619552
54.772416
50.675136
50.665184
53.336224
49.474368
53.422048
50.407808
53.546400
52.501504
50.797568
51.768096
50.342176
50.223104
50.337920
52.547360
51.684576
49.835424
52.284544
48.262400
48.462464
52.909664
50.287232
51.928480
53.471680
50.421760
50.941824
51.747712
50.572384
51.611392
51.643328
51.052096
50.362400
49.804960
51.701376
52.125024
51.411968
53.459616
52.092800
49.626816
51.529248
49.761728
52.184800
50.606080
51.000256
53.485664
48.794016
52.351072
52.358464
49.657920
56.166208
50.776672
50.375296
51.218368
53.826176
58.368544
51.780992
52.948224
53.883200
50.426080
50.941952
51.870976
50.641696
50.099872
53.117024
55.881376
52.047040
50.578336
48.555456
51.927872
50.656992
49.553248
52.173984
50.158912
52.343904
51.569664
52.429696
51.449120
51.727104
53.247104
52.449440
57.061024
50.623744
52.823712
48.609568
50.370816
53.298784
51.281920
50.553856
53.357568
54.606784
53.180544
51.686592
51.472000
52.169312
50.566144
55.586432
51.517472
52.320000
52.207968
52.191744
51.939040
49.713440
50.754560
50.708928
50.764032
53.283872
55.127552
50.732896
54.134304
54.967776
52.816064
50.710112
53.271712
52.035936
48.266784
52.593600
52.835104
48.955040
48.100384
52.147232
51.571040
49.872736
53.013952
53.082240
53.610592
50.520288
52.399584
54.148256
54.275776
54.620032
50.671072
50.472352
54.670656
56.023360
49.744544
49.467232
53.850080
54.673632
47.265984
52.377376
51.513216
52.490816
52.309888
51.283488
51.370848
52.905088
52.724800
49.297248
52.924800
51.781216
54.168448
50.048064
50.777920
51.081344
53.402048
51.073536
53.265856
51.821152
53.076160
55.008864
50.393376
51.813600
52.141568
52.569440
52.247840
52.512512
52.530400
53.175200
51.023776
50.170272
50.738016
50.856704
50.373792
51.944672
52.136128
52.006752
51.534688
53.212224
56.720608
52.634464
51.187680
52.523712
51.631200
53.412480
56.046112
52.701472
55.497408
51.164352
51.425120
51.230336
49.110944
51.780000
50.080768
54.813376
55.417088
51.581536
52.884896
51.326336
53.267840
55.820448
50.886528
51.803072
52.931968
50.847328
51.854592
55.084896
53.662304
55.011712
49.733152
52.148224
54.319360
58.866528
50.170048
55.972352
50.352288
51.049824
53.483136
55.729888
53.458816
52.649728
50.461504
52.737568
55.734656
51.570272
50.079488
52.756032
56.308640
47.841184
58.410624
53.406080
49.845344
54.908736
53.696896
52.454240
56.061952
53.421408
53.290624
50.983392
52.458176
54.582112
52.315552
58.025216
56.452192
52.594752
57.107264
52.431680
57.450048
50.561440
52.405248
52.177024
51.832096
52.510592
50.548960
54.679904
58.548896
51.019648
52.072704
56.544064
51.681952
56.749152
52.589024
52.347840
54.942496
53.885920
56.606912
52.057216
58.159808
54.794464
49.657120
51.738016
50.409152
57.031360
51.982752
50.905632
51.105696
53.981376
52.152736
58.014560
52.854272
47.348192
54.848512
54.179360
54.309216
56.131552
57.774208
52.530528
57.541600
49.174944
51.288320
57.178272
52.171008
57.678528
53.065664
57.472384
50.324416
58.387552
48.364608
57.351936
47.772672
55.317600
55.568256
49.969184
55.249856
55.657088
56.055680
55.534592
52.096096
55.751456
58.332096
57.691296
50.136288
55.622304
53.577440
53.627904
54.914080
51.536864
56.981600
51.476736
50.507200
51.289664
51.517632
51.321760
56.524064
51.042560
57.525248
55.715200
56.838944
50.215328
58.240960
52.109024
55.625536
58.009856
53.256992
58.972576
57.856640
48.180160
56.903456
55.545504
55.655744
55.810240
57.621856
53.607776
57.923200
53.430976
57.220384
52.620960
55.739040
55.892544
51.005728
52.319104
50.070304
57.712352
53.849344
51.815392
57.130912
55.955296
56.317888
52.728896
58.617984
53.231648
58.534080
52.212864
55.544000
56.020832
51.351392
55.606176
57.645216
58.023552
51.641600
52.217408
59.854912
50.736288
51.475840
58.173472
56.156416
56.920288
52.180992
58.947712
59.306304
49.716640
53.858912
56.922496
54.158592
59.157056
52.315840
57.048800
53.150624
55.833120
56.816544
57.116480
49.334208
57.029024
47.968768
56.464480
56.894752
59.400000
57.162144
55.072384
59.688960
52.272352
55.847008
58.627520
59.964736
53.456192
54.184736
57.218592
52.347648
57.081120
60.843456
53.333824
52.770016
51.498944
53.930144
54.120128
57.366496
52.290464
54.039616
54.285120
55.602592
54.715168
60.040416
56.021888
61.133088
57.132992
49.201568
61.175008
50.025280
52.784768
59.711552
57.581632
55.496928
57.075936
57.760544
56.609312
57.312672
55.842976
51.128224
53.473984
56.037216
57.861696
55.317376
53.739072
57.735136
55.732672
55.816448
57.802592
57.749472
55.746304
56.891488
59.850080
52.711360
57.645504
59.112736
58.927968
52.781440
59.356576
49.339264
57.121248
58.080736
51.485056
59.163552
56.565568
59.322976
57.542176
58.189984
53.186752
58.672704
50.014144
61.177824
58.795616
55.654944
56.372608
51.185952
59.212064
59.629248
60.154560
48.505344
58.596288
58.214976
58.560576
53.474272
58.401440
57.937440
56.862432
57.981312
50.206144
59.575552
57.350720
50.117088
51.946112
54.971104
60.258592
53.271712
52.121024
60.552064
58.754368
52.535360
58.565056
53.145248
60.713792
60.954496
53.372000
54.874464
60.267616
57.239616
50.916000
54.542528
54.738368
53.541792
52.885568
58.568768
58.562624
58.701408
50.284896
58.409120
54.366624
57.785376
56.812736
59.137568
51.581344
52.894816
60.667104
54.570336
60.204896
58.727648
56.095456
59.087968
52.580672
57.800640
58.313024
57.721920
59.587680
60.866144
58.793184
53.264064
59.529600
54.012960
58.958592
53.716640
54.308576
55.143808
56.873824
55.342880
58.401376
60.252096
53.087584
58.005856
60.691328
51.678688
58.777216
62.163904
57.630080
59.763328
53.839424
58.620864
56.920384
59.495648
53.861696
59.402656
55.540352
54.818432
60.561216
51.813280
59.501504
55.530080
57.864352
59.886528
54.116256
58.700384
58.626144
63.834144
61.765536
58.933312
59.604480
63.068736
59.292928
58.540128
58.753824
57.223552
54.776000
58.399840
53.389312
59.969024
59.075680
66.522912
58.790016
57.599552
58.712256
58.398144
51.211072
59.408416
58.687456
56.941472
54.729664
58.698048
58.987200
57.164320
58.668416
56.086592
56.324224
55.391008
55.229760
55.176192
60.077504
55.214080
58.656960
48.620576
55.192448
55.136640
58.994432
49.893728
59.005088
58.584544
59.696416
59.000960
55.081664
61.179136
58.650368
57.965600
55.198528
55.937920
56.366592
59.562496
59.243744
60.137664
59.779456
59.099840
55.268448
60.796480
60.471776
56.443232
54.950464
55.353504
56.374400
55.282688
62.457248
59.620448
61.543584
60.976448
59.341472
59.698080
59.084928
59.434784
56.227904
59.905024
54.690656
57.676160
60.978016
55.185344
54.747712
55.398720
55.976448
57.214720
51.479808
60.483104
55.388064
59.230368
59.026720
52.161024
52.356576
59.800448
59.942304
54.958048
62.519616
55.027584
58.257696
59.725568
62.200096
54.953120
59.750112
55.790816
59.770112
57.562528
58.630112
60.207072
63.508800
59.572192
55.247648
62.175456
60.281856
55.376096
61.114240
59.807840
64.232704
57.674048
63.213184
59.219616
56.589408
64.457120
54.955232
55.808928
58.172224
60.287328
59.229376
56.203968
59.220608
59.366880
49.659168
60.276096
50.426080
58.254144
60.576800
59.853856
52.043552
51.827424
56.093888
62.996352
59.561024
56.600256
56.215264
58.641760
67.642464
59.927008
54.540480
55.328992
55.950016
59.980064
60.046976
58.174272
59.619360
58.205760
54.340416
55.850432
56.423680
55.689408
56.428928
61.974080
60.671456
60.167328
58.459744
60.780192
55.304448
63.922912
56.314624
55.920608
59.778848
64.321440
55.737248
58.940672
62.256512
59.093888
58.507552
60.121536
55.193344
55.536448
55.904704
59.996928
58.206304
59.699200
62.126464
55.839008
59.395392
60.369600
57.916864
59.914816
60.967072
53.040800
59.526400
62.069408
57.636416
59.189664
59.740992
56.136704
59.518784
55.304192
56.029248
64.580768
59.756672
55.193280
60.056352
59.458048
55.044416
59.350944
59.746112
55.020896
62.297696
60.521120
61.181728
59.698720
59.769600
53.290944
55.898400
59.835200
58.066336
58.370976
64.356928
61.959232
53.718016
54.314080
57.197792
64.301632
54.126784
55.266944
56.734784
56.448416
62.769888
61.375072
61.350208
56.965760
54.499936
63.550752
56.582720
56.572320
57.084768
56.871232
59.988224
53.168832
63.625216
59.655488
59.482656
58.145920
60.384448
64.862080
55.109920
55.660480
58.902944
63.484384
56.234080
56.160192
56.068160
57.312736
61.532320
56.245344
57.292832
64.352640
60.118528
55.878176
60.745728
57.502592
60.263584
60.423904
58.114816
55.933184
56.078240
55.775776
55.311456
55.359392
63.205792
57.019552
60.142624
61.185344
60.688224
59.847744
56.442464
56.760544
59.054336
54.834432
53.521536
60.028832
60.783968
62.729824
55.035552
60.705088
54.236960
56.019424
59.574752
62.444064
62.346848
54.971712
59.329376
60.383872
55.555328
54.982112
57.012096
56.769792
55.249312
60.042560
56.675200
59.268704
60.304416
55.906656
58.676576
59.546432
56.398720
59.531200
60.484512
60.513504
56.767616
60.186752
55.077376
57.697216
56.088736
56.724032
59.595328
57.577376
62.028000
62.522560
54.142304
59.142976
55.896800
60.852128
60.151392
60.686752
54.508832
59.900224
58.539008
58.993792
61.603456
59.754176
59.081920
55.606592
59.253952
60.719392
58.420320
58.648832
61.879648
66.060256
55.859648
59.561056
62.239072
54.576416
56.868448
60.336256
57.742624
61.090752
59.717600
57.440576
60.994496
59.349920
55.445632
54.375936
60.563168
66.109280
58.628320
59.102272
61.320032
59.875008
54.612640
56.511712
56.777824
60.605440
56.078912
61.058976
60.349088
58.341504
68.266720
58.340384
58.441408
60.859104
61.620992
61.379136
56.131008
57.290464
55.457056
56.650176
60.186720
58.680768
58.998080
59.213504
58.959936
60.912640
60.138880
61.230848
55.080480
57.729600
61.689344
55.964064
60.544896
60.426752
59.095232
56.442304
56.172288
60.565088
57.679488
62.151488
55.459872
60.779264
56.059808
60.495872
56.172160
59.714720
53.876288
56.163360
57.125472
63.503104
57.093504
57.395872
60.650208
60.559200
52.452192
60.971744
61.338048
55.273184
60.731968
60.598592
58.574624
56.222080
61.680992
55.358208
55.937152
57.873760
63.183680
56.934272
52.545216
62.040736
52.955520
63.199712
54.727136
60.540352
55.366496
61.294880
61.030816
61.259776
56.887904
61.291264
56.612992
55.817344
60.362560
60.877024
56.501248
56.196128
60.863104
57.979008
52.884992
63.050592
56.046784
56.469408
61.807456
55.686688
57.546432
60.045504
62.748736
56.130880
60.796512
61.295040
61.290528
60.175328
61.703232
54.396320
56.767552
55.153056
55.652224
60.528384
61.034624
62.786208
59.660416
60.658944
51.762944
59.865280
58.524384
55.022048
59.952704
59.245920
60.365088
52.168512
59.889632
59.344160
56.177792
57.738144
57.150112
63.216832
59.484032
62.462304
56.765728
58.376448
68.919808
62.800256
62.465024
56.079008
57.146176
57.170976
58.335392
56.723008
57.263424
59.079392
62.562880
54.657792
60.537824
67.565472
61.989600
68.118656
63.126592
55.659520
60.293760
60.853920
60.231520
61.054272
60.894016
62.814976
62.037216
53.987136
60.159264
58.999360
53.720928
60.858112
55.973440
56.125344
59.865184
62.352544
61.477952
54.513952
60.825728
58.450528
64.470752
55.246016
59.987264
61.611808
56.288352
63.647648
56.393088
56.878784
60.784832
61.202272
52.718336
62.073056
56.128416
61.340992
52.481952
56.497920
54.632384
65.712896
55.671776
59.275968
65.607264
55.665856
60.507104
55.436448
62.805120
52.544224
64.065248
56.019168
56.712640
60.465632
57.745632
60.518272
57.911392
62.515616
55.780672
56.783808
62.148224
60.927488
61.331168
60.556384
60.662944
61.860128
58.567424
60.818368
56.582560
60.421120
58.839168
59.237056
60.514752
56.117184
59.634976
61.584128
55.669568
59.986720
55.441344
56.266912
57.247872
62.603776
55.972224
67.054976
58.680576
65.024992
55.227072
56.427392
56.244640
60.572576
65.183584
59.327552
53.534912
56.083104
61.169120
61.506784
56.485728
57.651008
56.635808
57.486304
64.609568
61.305888
55.959680
56.296960
56.632992
56.423648
57.698848
60.442912
58.195872
59.881120
56.993024
60.312800
66.560192
55.455456
61.234688
60.937728
58.159680
63.824576
56.122976
60.906080
53.262688
62.120288
54.242528
55.731168
56.321728
61.813056
54.422912
59.271104
60.588352
60.940192
58.512704
59.526816
54.562816
60.741504
58.187424
61.856640
55.644512
65.165120
61.866688
58.152736
60.184000
56.866368
57.300896
56.632448
56.209632
60.873120
58.414848
59.118400
57.451328
60.856608
60.649472
56.330016
60.798912
57.323424
60.874912
54.546848
59.126816
56.785824
57.052416
56.905504
63.853152
55.552256
59.906976
54.073632
61.079424
55.068064
56.259904
58.285504
56.072800
59.711040
59.996032
55.469600
56.523392
61.720544
55.425440
56.599872
62.076320
55.012672
57.211680
63.332832
63.408448
63.522176
60.530528
65.953408
57.837856
64.656384
66.881920
56.759904
61.356896
55.140640
68.420416
63.359776
56.882848
61.327104
56.519008
60.142240
57.954016
59.798368
61.203136
55.898208
59.881760
59.190624
61.339264
61.910880
56.018688
57.538048
58.983232
56.205856
60.108096
54.942944
53.433920
61.772192
50.303872
60.613888
60.679136
56.525280
61.045568
57.001760
61.188608
56.308992
58.892064
57.647648
61.956928
56.200928
60.798848
62.512160
61.161088
55.382208
56.565248
59.250784
56.743616
61.803136
55.844320
60.452256
56.287008
57.346016
61.372448
56.279616
57.704640
59.809216
61.621184
55.904896
56.995072
55.253792
57.226656
61.332960
62.245504
62.068288
56.137728
61.086848
58.280096
60.726880
62.716928
59.552928
61.627520
58.870016
59.866656
59.979808
65.997088
56.332832
56.997280
57.077856
60.042208
62.456352
63.613216
56.036640
57.001248
61.096416
56.277888
56.977568
57.262656
57.158304
56.753632
59.489792
60.999168
56.419168
61.453824
52.974464
62.221280
54.546272
61.248224
60.277152
64.528544
56.732256
57.551456
59.995328
60.228256
57.336384
57.395808
57.038080
60.247328
59.157920
61.884512
56.104640
60.917280
58.120512
61.040128
55.568512
57.799776
52.735296
61.843680
55.101280
59.187520
56.992800
56.771648
56.712480
60.732384
61.945984
52.691040
66.644928
60.104960
63.608384
57.014624
56.970112
57.328640
57.686976
59.341120
60.884032
56.764704
63.899552
60.439840
56.228544
56.830208
62.437216
60.426816
58.845856
55.498496
58.591776
59.694880
59.755296
60.215904
59.457856
54.829216
61.942848
62.314560
57.038112
61.237792
61.569568
57.076192
63.474272
64.164480
55.511488
61.363424
65.351232
59.600352
60.586368
62.220640
55.420544
57.430272
61.001728
56.404000
61.892096
56.608064
55.480416
61.456224
55.824832
65.366976
61.790208
63.098560
62.314976
55.806240
56.120448
64.178272
60.652544
59.639392
52.895584
63.550976
58.576160
61.764224
56.643712
57.165728
62.931936
59.265216
60.263552
56.414720
60.127520
60.811328
59.907392
59.843904
58.634720
58.908160
58.729888
52.798464
60.505088
53.196032
60.790848
56.394272
60.124512
59.964864
60.714944
59.460896
61.858080
61.698208
55.863328
60.337504
57.124544
60.478912
60.976928
65.077632
59.569984
57.587488
51.050304
60.384224
60.426624
58.932064
58.873824
58.371360
58.371904
59.588224
61.232288
57.534688
59.734560
62.907200
55.803936
60.015680
62.236416
54.157440
59.573024
62.138976
59.356096
61.366272
56.408032
56.588992
61.430624
61.430976
66.622528
55.804640
60.748480
59.762400
61.594272
56.283296
62.844096
61.914336
54.519072
65.284672
60.951488
59.773760
59.760608
62.997760
56.708864
61.813952
56.911264
59.856352
61.077280
55.253376
61.430560
65.392128
54.080672
59.504736
58.363296
61.271648
55.483648
55.269728
60.510176
58.200032
52.838976
62.805216
55.076224
56.454016
61.740416
62.145888
56.016384
58.785568
57.835456
59.808736
53.187040
61.567136
56.354208
60.166784
59.602656
58.065248
55.805600
60.455072
61.418176
61.976608
57.323328
57.489344
60.822048
58.448256
61.520544
60.617920
59.888896
57.278016
57.341600
57.321536
61.086912
58.628032
60.666560
58.794752
59.178976
61.691648
54.971072
56.132384
59.240160
58.727040
56.656256
59.097920
64.003456
62.820736
64.363072
60.975904
59.283424
60.919136
56.802912
60.129920
62.777760
56.037376
59.838528
58.898048
65.663008
61.183328
62.554048
56.918496
61.669920
56.044672
61.010688
56.404704
55.774400
62.658400
60.439040
59.576896
62.023616
55.414688
62.459040
56.949824
60.331168
59.870112
60.261216
62.837408
54.837024
58.022336
62.145344
61.043552
55.625824
61.081888
63.778784
55.803040
58.931168
58.472928
65.765248
57.146080
58.922144
61.689376
63.185792
64.595488
55.861760
62.867904
57.882912
60.976128
61.895744
56.201632
57.079712
66.295968
61.761184
61.870080
61.274496
57.374944
55.105728
61.616896
54.261568
56.265280
56.684800
66.881120
62.496640
55.610816
60.163936
61.374816
54.754560
59.158656
56.926720
61.382784
54.437952
59.086560
63.715424
62.193056
62.026016
54.154432
56.663264
70.256192
56.979712
63.958720
56.986336
63.454880
62.597664
56.189728
56.749920
55.132064
60.485952
55.666720
57.497536
56.763648
60.721920
54.298592
56.852672
57.950176
60.848448
56.600544
58.565088
61.686720
54.423488
55.585632
57.960928
63.092672
60.148064
60.137760
58.836352
61.102048
54.455520
55.984160
59.749216
63.013024
64.876480
63.842752
62.073888
56.417472
62.797056
62.860384
54.601792
56.613632
60.548576
56.250016
61.475456
55.990624
60.155584
60.836096
59.455136
60.868288
61.461696
53.887264
62.641248
60.731680
66.147488
56.030720
61.061376
53.192832
59.441408
55.833504
58.599712
61.212128
55.844192
60.211840
64.648000
55.745824
54.250368
60.845216
56.385408
62.761472
56.854784
57.039744
56.469472
59.891456
60.999744
56.781952
56.252992
57.850496
57.599296
59.263840
53.395232
61.567680
61.720544
63.398432
61.206336
61.878112
55.486208
55.024896
57.246304
62.069152
58.120000
63.072032
57.005312
60.177696
57.149568
60.018976
58.520640
61.345824
61.202368
52.526560
61.660512
55.831776
56.885408
56.722848
60.335680
61.625216
56.712960
56.606784
64.051520
62.035360
57.325888
54.990624
52.996576
53.104256
63.635680
56.037056
57.353504
61.862880
62.602112
58.027392
60.581024
53.612384
55.678656
61.482816
58.950336
58.211104
61.669120
54.735008
58.790752
59.274080
61.201824
55.869248
62.378784
64.553472
56.281280
60.848416
62.073920
61.328640
57.814880
62.339360
61.593088
55.589632
53.429536
61.327712
59.635200
62.601184
55.621664
63.678656
59.068896
62.769536
56.639840
64.180960
61.975616
57.692864
61.199584
61.218592
60.844736
59.493248
63.319008
62.260320
55.747328
55.962400
60.496832
59.911808
60.741088
62.181120
60.709152
60.512288
54.908000
58.683296
60.371776
53.598848
62.330912
58.738304
61.563744
55.839616
60.721472
56.029760
57.693664
61.305824
52.889184
60.802816
62.240800
52.631552
60.964800
61.581216
56.082624
56.005824
53.263680
61.240032
56.240544
54.666496
63.914112
61.342464
61.556032
55.937664
60.435840
61.285984
55.944704
56.965664
63.788192
57.093216
60.578464
57.054272
57.673664
61.304256
62.042208
56.264512
61.509152
59.595296
63.209728
54.928480
60.060672
54.770944
57.599456
52.843232
61.185664
57.536480
60.829056
56.249184
62.232160
62.192704
61.219040
54.502400
59.648032
56.162496
62.206976
54.041856
59.524736
61.811040
54.525216
62.078208
59.943392
57.114560
58.988256
62.376224
60.399776
61.274560
62.063968
61.180576
56.216000
66.007360
55.981376
56.394176
56.880928
56.003616
59.332928
56.737504
62.316032
55.890112
56.707232
56.402304
57.734848
60.453696
56.575328
60.725600
61.442336
54.613856
60.670112
65.116800
61.491040
63.708160
56.046688
55.911744
69.612896
61.596000
55.945536
61.188608
55.470144
56.304032
56.456352
61.780960
56.707552
61.816000
57.017952
58.677984
57.192224
53.022240
61.313472
53.988512
60.413056
56.696320
54.945344
56.992192
53.712992
55.252768
67.360768
58.653312
56.764160
61.662080
58.729824
62.817056
55.724256
61.663808
61.284928
65.267648
60.188064
63.364544
52.003936
55.959968
57.025344
60.683872
55.022912
63.209568
60.615936
59.122112
61.083136
60.095136
60.941920
60.215424
55.191648
57.843232
54.024032
60.261376
58.837600
57.998048
59.621472
59.139552
60.873888
54.810688
57.071136
55.642688
61.194304
64.072544
54.030336
57.784896
56.988928
61.455936
55.028352
57.775904
61.434720
54.364224
60.952736
64.030272
60.998784
55.781088
61.967968
61.530240
62.420960
54.228352
61.261984
56.922272
60.826720
54.211328
58.074144
61.691360
55.865792
56.737632
61.091488
54.392992
56.010592
57.099776
60.336960
55.407136
52.804096
59.000064
61.728704
55.919648
56.888000
56.893120
60.623456
61.492256
61.949536
62.456960
49.595296
61.074528
56.177376
61.469120
56.939488
53.842496
62.482432
55.747072
56.389152
61.182784
62.019904
61.205056
68.566272
61.351200
60.769248
59.696256
60.588000
60.159168
58.914496
55.135424
61.958336
54.825280
57.988928
59.067488
57.862304
61.302976
61.590464
58.985376
60.598176
59.843648
60.177280
64.828896
60.587008
59.291488
61.310272
60.487872
59.361664
62.426240
56.011808
55.224416
59.764352
61.816512
55.620192
60.753952
54.566784
56.726272
56.886112
59.999424
57.787072
59.380480
56.849856
55.861024
60.072448
57.595296
53.349120
56.417216
55.040672
55.734752
60.980960
61.583200
54.796896
56.409920
58.768288
56.516160
61.170368
54.782176
60.951872
56.053760
56.623712
55.609568
64.021184
63.138080
54.984832
56.060416
64.946880
63.025888
58.845152
57.231136
61.204480
54.076224
56.913376
56.502816
56.428000
62.208096
63.217472
55.383200
59.419712
61.758944
56.326336
56.486240
59.233568
61.467488
61.273728
56.292448
56.814112
60.851648
59.046880
63.148896
57.106144
56.680736
57.401888
52.875456
59.933408
60.640000
59.379520
60.029664
61.270592
52.529440
59.170528
59.276896
59.236448
61.764256
56.204896
61.506592
55.351200
60.084288
61.633984
56.525504
60.640768
61.815456
56.718784
59.365440
57.825984
57.276576
64.104288
52.040896
60.687328
63.420064
54.050592
61.156384
61.541184
61.363936
55.115424
60.421344
60.479616
52.493600
61.150528
56.254400
59.772096
61.713120
61.724928
56.252224
56.165568
60.056192
63.076608
58.893120
57.120224
61.051264
60.817952
55.483200
54.085632
60.435136
51.546784
55.275840
58.108832
57.535328
62.277344
61.677728
55.489216
59.327584
52.746592
59.917632
54.704672
59.048192
59.379840
59.604128
58.841376
56.544448
59.262176
58.490240
56.330048
62.442432
61.774880
55.489824
62.611808
60.637056
54.392800
63.048384
55.697248
54.849920
61.679904
60.316352
61.182944
56.775072
55.264224
59.952896
56.040608
64.187104
56.309216
60.062336
62.045568
62.153536
55.268864
56.793248
63.255968
57.432960
57.521408
57.633760
57.193440
55.570464
68.302528
61.354016
61.582368
54.375680
56.486112
60.965824
60.382080
62.908736
56.323456
58.976320
53.590720
62.131584
55.849984
60.808320
60.527840
60.916928
54.918400
61.002272
60.924480
61.343072
61.860448
58.655008
53.655136
58.797920
61.647744
55.996960
59.753024
52.911424
65.332320
55.459488
57.022112
56.702848
60.764512
63.307360
55.757664
60.877824
54.676224
64.194112
61.075488
56.215040
59.764800
60.280256
60.905120
58.039840
62.875808
52.693984
60.955712
57.108832
62.322496
56.141728
56.523264
60.838720
59.511904
56.684512
61.437280
55.131808
56.151008
62.922880
56.091296
57.494432
58.452352
59.204000
56.172960
59.588448
61.676512
54.994528
61.541440
63.893888
54.447904
57.322784
57.035168
62.550208
60.576768
65.476000
55.765696
59.597888
68.130944
53.542880
64.340576
55.729024
60.820096
60.322848
59.627520
58.972896
58.574624
59.428416
56.266560
57.035232
57.459456
59.854272
58.383584
59.933952
61.427712
62.401632
56.143776
55.739264
60.698336
61.031040
55.900192
59.996352
62.732096
56.499232
56.981376
60.423232
56.854272
60.936736
61.676192
56.939424
60.307840
61.672416
64.532352
55.771936
56.382912
58.006848
61.225568
62.078016
55.462464
59.272448
61.836000
54.427584
61.444000
55.040352
61.095296
62.163392
62.773376
57.551296
59.162880
66.492544
54.288672
61.391616
61.292288
55.197888
55.494432
57.234176
57.800096
61.410272
55.976832
60.674336
59.867616
59.959776
60.981216
64.410880
55.940704
57.020512
56.486272
61.988448
53.828000
61.454912
60.934752
60.569984
60.688064
60.882368
56.223328
68.053536
54.327040
57.927200
61.868768
62.239008
54.644384
52.920704
59.643680
59.788960
55.907168
57.088128
60.921472
57.944704
59.709760
56.293088
59.248032
56.368160
63.007072
61.352192
56.956256
61.748992
54.085952
60.107552
52.872736
54.172256
62.292768
56.611776
60.713120
55.852192
60.437312
53.403584
60.044416
61.258432
55.823968
63.754592
61.553664
56.625920
60.005248
65.994240
58.337760
58.315744
56.365024
56.173952
58.116768
55.833536
59.251424
61.093024
55.880352
56.229056
60.434048
61.575520
60.021024
56.504672
61.434016
54.687840
57.921440
63.119296
61.999968
61.607264
54.078368
61.131040
63.045184
61.489888
55.754976
60.140704
58.868320
63.458432
52.854848
61.114784
57.083552
56.931136
56.358656
60.783648
60.231552
52.456288
61.996000
56.450720
56.066912
54.529792
60.904480
57.083360
54.679520
59.476352
60.822560
56.293152
58.020544
57.212256
57.094848
64.886048
51.746528
60.574752
59.442016
59.466784
61.514112
61.759360
61.713184
55.648192
61.129792
54.254176
59.651936
61.597280
68.231296
56.291392
60.510560
52.253184
60.915008
60.683808
54.295936
56.909312
64.223296
56.231328
53.329408
62.451296
55.817888
56.288416
60.833056
61.110368
60.306624
58.040256
61.836352
60.240224
61.855424
53.534144
55.534752
57.392992
61.387808
58.857024
59.455104
60.986912
56.718784
59.226944
61.264128
55.591840
55.656768
60.311328
60.081856
60.866944
53.899264
64.941728
52.922720
61.811456
56.151872
61.815040
62.029248
56.293056
56.612928
57.134880
60.839328
56.121504
57.986528
61.224192
55.694784
61.211104
60.913536
55.787968
59.703904
60.292896
61.039936
60.030784
60.743648
57.619136
61.206208
55.498880
61.129024
61.252160
56.777856
60.610656
58.754176
62.598208
55.178592
51.632128
61.110816
57.319968
61.149952
57.646240
52.734080
63.169120
55.845248
56.704256
53.485856
56.604992
60.685120
63.192384
62.381440
55.696704
60.789536
62.573888
57.439040
56.161472
62.095008
55.665312
57.103552
62.824320
66.133248
61.214240
54.724320
61.219936
62.185728
57.161792
56.875552
68.150528
61.127360
55.901920
59.841088
60.265056
58.249664
61.093152
57.553152
60.642016
54.437504
56.984352
60.654848
61.248128
61.499744
53.232992
62.259648
63.049856
56.903488
56.846464
63.212992
61.384672
62.456576
59.997280
60.802880
56.001728
61.093792
61.075104
56.300096
63.210752
56.352320
57.326048
61.386496
56.160192
57.728640
57.339424
57.386592
60.649632
60.981440
60.785184
57.405248
60.696096
56.313344
58.636960
60.222656
60.869472
56.495584
56.881184
61.946752
57.257152
56.768288
66.723744
58.913728
59.218112
58.133056
61.587104
56.389056
57.880224
55.258176
61.366144
54.332480
61.044704
61.038208
58.874304
60.856128
65.077792
55.479840
56.708096
60.235584
54.984128
56.693536
56.564928
57.523872
57.886528
56.690112
60.764416
61.276224
55.542720
57.535456
64.954944
56.265152
60.165280
55.335744
61.259392
57.195264
57.814496
56.734528
57.042912
55.629952
58.588576
63.340704
55.247584
57.605536
60.906848
61.077344
62.364928
57.206112
61.355840
55.816736
59.924096
60.779744
60.374176
66.081280
62.713408
56.133248
56.145632
56.894240
63.893440
57.279840
59.820608
50.630336
60.461920
61.333952
60.578176
60.562816
59.954112
57.882528
63.266208
55.627168
53.400128
64.297248
54.095040
60.157760
57.888512
64.432672
63.192320
65.111136
57.444800
58.136352
52.916288
60.835616
56.278976
61.491808
61.583200
59.999264
60.240288
54.398112
62.455232
60.240640
58.031328
60.483360
61.244448
65.356480
61.763456
58.161600
62.232544
58.026496
51.565152
61.478016
56.225536
61.278656
58.216224
61.428672
55.397152
60.191680
61.628960
58.444224
63.469312
54.441792
57.528256
63.610720
56.320128
59.809568
61.256672
54.727296
55.951456
61.229632
55.832032
56.246560
62.190528
56.339424
56.625728
60.705184
58.854816
60.869696
56.332768
57.298144
63.346528
60.091200
60.902784
61.637632
